home,dqcp176g,dqcnc7hq,dqcnc29k,dqcngqhc,dqcnbbdq,dqcncsjm,dqcnbchm,dqcng43b,dqcnfpuz,dqcp473c,dqchf7jt,dqcncu6f,dqcncvkb,dqcnfk5z,dqcp1rx0,dqcp1yv9,dqcnctbb,dqcne6ct,dqcngjkj,dqcner94,dqcnf6cg,dqcncf4c,dqcnf6cj,dqcncfq5,dqcne4gy,dqcng06w,dqcnf3uz,dqcnc6tb,dqcnc7bc,dqcp1z6r,dqcncdq7,dqcp1ys8,dqcp4kgx,dqcnc78q,dqcnf794,dqcncwc5,dqcnc0y3,dqcp1rzr,dqcncf6c,dqcnfffs,dqcng4te,dqcnc0gn,dqcnfqc3,dqcncx6x,dqcne1qu,dqcn9xvx,dqcp1wg8,dqcp1gxv,dqcn9r0y,dqcnenmf
dqcp176g,1.0,0.28453403028317203,0.2354886032168787,0.05750528218335066,0.026299952859828817,0.34810971609349006,0.06268799336284014,0.005482878220416477,0.16105973228228512,0.28778151906925936,1.728189378557846e-30,0.26144664438436227,0.3102338445381948,0.18143501592316236,0.7682924297847881,0.016961726462613028,0.12676365006747373,0.0021599230698061854,0.041680433929856424,0.02559736135773434,0.2363389616500199,0.10983174870068786,0.23991947859862262,0.11223045319464565,0.005390143591136345,0.026321801279655225,0.17203803861362033,0.025974848713465632,0.25930017557268736,0.1730695755055473,0.28792977059740055,0.2446590366149787,0.33081006852825867,0.23441076431568172,0.13584179134272684,0.40206158364835,0.15296199044837866,0.38239084162329684,0.11982965788738398,0.06672234429296316,0.03444537310136352,0.12374673549804568,0.2723246430045816,0.08629194933950649,0.00092956725457082,0.10796988181695104,0.024388281255600063,0.43014117962441667,0.05660144827599788,0.002269033974794006
dqcnc7hq,0.28453403028317203,1.0,0.6270127289468025,0.08263711302362431,0.02706476911696881,0.49164846102309506,0.127940518538862,0.02578175258136773,0.2076647697020468,0.16091393649870023,2.4132754734572366e-24,0.7721990916660366,0.33092236533914327,0.22859793143206208,0.12576206659775577,0.0010964060516280977,0.049283350579390296,0.016163527771868056,0.12180056294589114,0.07174574071872587,0.34272089205789075,0.23843476460648869,0.24684974833110865,0.20457956596551372,0.020101047757293947,0.08006966606956514,0.20252977054375157,0.019887597502129806,0.8346625292396969,0.009785122630684156,0.2844862160619959,0.02668376990616486,0.031907936198237556,0.9314177062384806,0.16080479759435246,0.210814339945469,0.1617678400365196,0.02899652407521365,0.1835442428122925,0.056233815876646526,0.11401961858632383,0.12934906334125146,0.09033076005668705,0.024775833781068127,0.0062058624624981755,0.28431707581527504,0.0019522625604282016,0.0533289817134912,0.14786766638005353,0.006635555806821075
dqcnc29k,0.2354886032168787,0.6270127289468025,1.0,0.06469302009545105,0.13876531055575436,0.6677401279177073,0.321006470305651,0.01469198649432178,0.13619376010197098,0.0716124329891194,1.1094944556601059e-22,0.4235476842912051,0.46155527009249886,0.2647254542771773,0.06230362317627222,0.0020577274646968497,0.15806618054290322,0.04781910052546981,0.05003881183760461,0.13848228312495217,0.5512459945293183,0.4205424461996715,0.49896135676310555,0.38975139612227866,0.08827757034867327,0.11717096273411369,0.43968611284701864,0.059768888155054094,0.5201811664928425,0.015684059682833068,0.6806772793368127,0.033621400854708765,0.052304605544302815,0.49505513501884246,0.2755448595832159,0.38724125282035166,0.610993979070145,0.02654440590524842,0.4142367864717489,0.15681997768599443,0.08511247272822314,0.5215297828649427,0.2230301579449339,0.07611290212388509,0.03140240412043045,0.49645635844326497,0.0030664280888394106,0.09447770399582457,0.4538416378513639,0.014676108950140859
dqcngqhc,0.05750528218335066,0.08263711302362431,0.06469302009545105,1.0,0.005350328614606113,0.21835505477157033,0.02166429372296205,0.051191398936344966,0.36789044195821735,0.16300675777829693,6.232223456671302e-26,0.16440254253168926,0.3089417845991138,0.19306590849706928,0.03931457564853587,0.004492842671678272,0.039622122220367186,0.14187568261691957,0.3389666356570008,0.45459220356229385,0.37971411841502933,0.2096758328027338,0.24252892617283928,0.2367322272328836,0.07535370373085634,0.32157281554760353,0.21537132625344724,0.004263408533279146,0.06968741581916361,0.022748836648472198,0.08299598404153173,0.08131967144291682,0.1303617343380405,0.07003619094620901,0.2240269594405915,0.1338266417691601,0.027318852093606842,0.014983670470672384,0.1852699973585059,0.31239177984247646,0.38936078703937627,0.024683687128359146,0.21933471972494906,0.035693565995955294,0.062424643880647064,0.0504897785963034,0.0038396588304402783,0.08734019745035974,0.043616674616715784,0.021561983934409567
dqcnbbdq,0.026299952859828817,0.02706476911696881,0.13876531055575436,0.005350328614606113,1.0,0.16045822016312586,0.6096210107892411,0.0033305275907769103,0.028007786249205906,0.009555483222184562,1.9457985056196097e-22,0.026666432721437018,0.1418462402750461,0.055912941220071156,0.005116073520351927,0.027464513579702473,0.5474394783578636,0.02302803674829503,0.0031976913421841212,0.015514078716824024,0.0799527851354891,0.19566823310869197,0.07317199051160853,0.1972036477518205,0.015556894069193392,0.034533261339876796,0.055627546939434114,0.1773114609656213,0.053937504831524714,0.036897710600311315,0.12409219847746368,0.027457022556310197,0.01978475022717102,0.02442676829443104,0.18286316629982438,0.21564372903991127,0.3192204969544197,0.01720354867361367,0.2558563287995612,0.09662280834324664,0.00979538943582299,0.44164996351452523,0.09221646470608834,0.4304339331352948,0.018467111515612054,0.15991210234319936,0.0355152170957334,0.06246834134012922,0.39802672354826746,0.010677803848034989
dqcncsjm,0.34810971609349006,0.49164846102309506,0.6677401279177073,0.21835505477157033,0.16045822016312586,1.0,0.4327427250979804,0.020279683351246528,0.4979744544249872,0.16154986369666574,1.2368984412343524e-24,0.4367397347356735,0.9356103999784974,0.2984878903111564,0.14302856804358685,0.011548168520273943,0.2984382003636594,0.0743327722009559,0.09775300476721907,0.20434582874540577,0.7184091361284365,0.7892519798386178,0.5391426816172032,0.7756268708590035,0.06932276012625288,0.17596060574373507,0.42258718479029816,0.04410978971843665,0.47377871540024125,0.06746259833801414,0.5196197348922398,0.18812680882915092,0.18027174922489642,0.4573334366016287,0.43277273868265737,0.7863064968824881,0.44709011491957434,0.06700237386826757,0.7684719098685426,0.30350493529001016,0.1384095580270708,0.465497288327334,0.4523159663061848,0.22157419641045248,0.04671358179106457,0.30569834370716653,0.015230193985453448,0.2345208957267097,0.5359487242858444,0.013226835259496821
dqcnbchm,0.06268799336284014,0.127940518538862,0.321006470305651,0.02166429372296205,0.6096210107892411,0.4327427250979804,1.0,0.005560613268624934,0.15014549966080645,0.023456412046761983,1.649025617985462e-22,0.10104351485252316,0.3739292496133324,0.07383815802839533,0.016454457018207046,0.011794860512648915,0.3638759373089434,0.03778242745923998,0.011430086517365257,0.032708432683490676,0.17008281662325608,0.5390324494546801,0.11415130165184804,0.494943247995723,0.017329929538397112,0.05142019052929597,0.08144091209634807,0.060572406056831035,0.1999169726473346,0.027679924577721414,0.16447694031853421,0.05669248343683026,0.026257108927524364,0.14344498023429994,0.2113975719019416,0.40760530926863,0.3418742763626011,0.017313644161359918,0.5419855479042851,0.09939803145854424,0.023203329518996885,0.49297708315097033,0.11373893173189167,0.31189223838203356,0.027825661983196148,0.17951392035399966,0.018156424151681057,0.059436611890939114,0.7472806269103061,0.005558708278190866
dqcng43b,0.005482878220416477,0.02578175258136773,0.01469198649432178,0.051191398936344966,0.0033305275907769103,0.020279683351246528,0.005560613268624934,1.0,0.018124062445247835,0.15030283678810002,1.6714617891814131e-22,0.1271535561098109,0.01958685979360228,0.2691571417889584,0.0027484863324114045,0.005648421734542141,0.015948715757182264,0.035876801869534854,0.4863576288215781,0.04090447280860776,0.038411902385498874,0.014240061023152855,0.025717086794282605,0.014191419377278258,0.00945241027472595,0.3338869085002912,0.025623391190354828,0.05583332991593537,0.058217589394423896,0.003977157901726316,0.01170593538404951,0.001286786678173773,0.003067648834593327,0.020064321053664822,0.17731240907609794,0.006666285953966106,0.0032361673751886214,0.0064121440323075055,0.010766472238108641,0.04670862297548587,0.5207512861605262,0.00226788618121337,0.00900259025714008,0.008734961530432846,0.003926753421909407,0.12297459666632497,0.006172373277140877,0.009340339149086621,0.003831338211529077,0.32664879435694594
dqcnfpuz,0.16105973228228512,0.2076647697020468,0.13619376010197098,0.36789044195821735,0.028007786249205906,0.4979744544249872,0.15014549966080645,0.018124062445247835,1.0,0.1914307393927876,5.146199725591246e-27,0.2615470301280874,0.6163556720986483,0.1127538246367406,0.12901577656427587,0.012163643794439107,0.09621582536260506,0.035376967894262215,0.1410090188114781,0.09402819177316483,0.27845300950830787,0.4850132794797045,0.13934322594713341,0.47289456937776064,0.010582681405014336,0.09722868408040407,0.09422990116415834,0.005656258974223105,0.23502008681721392,0.05518932578645334,0.08191741910636628,0.26989172769475384,0.12469767744105918,0.26138624578533465,0.19365383230129143,0.39156248784415254,0.05386530798239279,0.04202056654703664,0.3821850066879507,0.12485167268504464,0.12108379515179864,0.06819426488704979,0.17468276297883129,0.11370228312143693,0.015621385616928853,0.05381087183448512,0.015985074766317643,0.11222962388495984,0.15021780798009715,0.003226205220002254
dqcp473c,0.28778151906925936,0.16091393649870023,0.0716124329891194,0.16300675777829693,0.009555483222184562,0.16154986369666574,0.023456412046761983,0.15030283678810002,0.1914307393927876,1.0,3.2366563803104814e-29,0.4089513967305756,0.17198227753643644,0.4365042760407692,0.3016667321851674,0.05282973053042781,0.08546223367127155,0.006985322738335491,0.4251631028783691,0.0414576390185918,0.15911670746470497,0.062309538782025824,0.12274024055865511,0.06433422492110603,0.004758075711477272,0.13619719051265952,0.09331145352113597,0.04881988294202791,0.24704829698086916,0.1491620351784912,0.07802588413648522,0.10116262914571884,0.14417350107644344,0.1414459235594036,0.27873238238758424,0.12220273104525894,0.02325915008045356,0.3027745407884834,0.05492514939171281,0.08990423147918501,0.2721613237010694,0.017913552257083656,0.11269200246145115,0.06474606595726054,0.0011815851573958311,0.1306901041795781,0.06657194775525081,0.2382051458448552,0.014957072817751466,0.02844365773132721
dqchf7jt,1.728189378557846e-30,2.4132754734572366e-24,1.1094944556601059e-22,6.232223456671302e-26,1.9457985056196097e-22,1.2368984412343524e-24,1.649025617985462e-22,1.6714617891814131e-22,5.146199725591246e-27,3.2366563803104814e-29,1.0,1.6423731885149635e-24,2.6075512256172028e-25,2.7421817445876827e-24,1.3163718526691255e-33,5.155630865480014e-32,1.4888647554270678e-25,2.7128117190859497e-18,6.4071537438456e-25,7.819645936292664e-22,6.972618554243219e-24,4.898175958244379e-23,2.915735130445226e-24,2.8568705215957263e-23,1.9089382942597787e-19,1.8355118049365163e-21,9.710962942765946e-24,1.8798502740905028e-23,3.2017318878268352e-24,6.606008544723857e-33,3.695285426488457e-24,1.846948308490566e-32,1.1098349790835658e-31,1.3326037776128314e-24,1.4887888115759085e-23,9.800169366098434e-27,3.084748882917233e-23,1.8781576598970085e-33,2.441877578465499e-23,1.0696302824998185e-23,6.249169975863296e-23,3.0556029514084844e-23,5.356427619454945e-27,1.0326426358035209e-26,4.803372531281473e-18,1.4311934251509423e-21,6.712589161527377e-32,2.6243054177302924e-30,1.541885533707315e-21,2.0612009066037444e-20
dqcncu6f,0.26144664438436227,0.7721990916660366,0.4235476842912051,0.16440254253168926,0.026666432721437018,0.4367397347356735,0.10104351485252316,0.1271535561098109,0.2615470301280874,0.4089513967305756,1.6423731885149635e-24,1.0,0.3357219030957553,0.479281239879613,0.13863946418593215,0.004562474649223907,0.07493805598227028,0.029957593393217064,0.3805715141222914,0.11028836057612285,0.37925481887972984,0.21778342362491251,0.2660829572657894,0.19605804991321188,0.024660589202394938,0.20851469125435326,0.22259670250582386,0.046406813602401994,0.8411239791783104,0.022000677288568332,0.2331320149394996,0.03462074573823569,0.04685362684000832,0.7008770375190184,0.32211738036718257,0.18856624475112835,0.10276669530443305,0.056874082278924716,0.16692048244315386,0.10304305483034354,0.3319623047891734,0.07973727506475257,0.10861665422892558,0.040897311457569335,0.007874641973663183,0.39262216922656623,0.00715177220580364,0.08601934067083977,0.09688792562910667,0.029539674319608966
dqcncvkb,0.3102338445381948,0.33092236533914327,0.46155527009249886,0.3089417845991138,0.1418462402750461,0.9356103999784974,0.3739292496133324,0.01958685979360228,0.6163556720986483,0.17198227753643644,2.6075512256172028e-25,0.3357219030957553,1.0,0.273785330075685,0.14428032633423507,0.01878885083583807,0.328888368270311,0.08776517118998274,0.10449749509176656,0.23339968630939376,0.702980980264983,0.8203606602192579,0.5097148707386393,0.840382000059473,0.06781748073296787,0.19222486592344595,0.39138718655308197,0.03484798229959593,0.3307811287795841,0.09855753521724034,0.4170454606926832,0.2905591201591296,0.2585793634272989,0.3141406777909726,0.4529336093746405,0.839208481919414,0.3470618717118833,0.07495825833292677,0.8200016386528369,0.3809349715397021,0.1474695729304913,0.3827943495023213,0.5470834385060565,0.28315962268543937,0.056605095840576596,0.21712242759403577,0.022504369808580282,0.2904464045218022,0.47028980696937367,0.012893945493899044
dqcnfk5z,0.18143501592316236,0.22859793143206208,0.2647254542771773,0.19306590849706928,0.055912941220071156,0.2984878903111564,0.07383815802839533,0.2691571417889584,0.1127538246367406,0.4365042760407692,2.7421817445876827e-24,0.479281239879613,0.273785330075685,1.0,0.0769525930294713,0.028641457875278813,0.2228472687078889,0.08046293508186339,0.394965742555699,0.23783939534173687,0.47963168728073813,0.1585517025350695,0.4721180880355418,0.16897757964087393,0.09557525006984886,0.5524818785640165,0.44843732348636933,0.2430766356252485,0.2996917638353374,0.07463701540541966,0.354084864442418,0.041599874826406674,0.11815314492621054,0.15215731889585388,0.7526623931775522,0.1863663271959331,0.1490729303110132,0.11168060799684076,0.1648545684227554,0.3917908381693707,0.552782097921685,0.10511136426965846,0.267882878112803,0.11689175853231647,0.02295935398052794,0.6346678987386108,0.03070218588505926,0.24275990935546074,0.07718815508277611,0.2459266660517953
dqcp1rx0,0.7682924297847881,0.12576206659775577,0.06230362317627222,0.03931457564853587,0.005116073520351927,0.14302856804358685,0.016454457018207046,0.0027484863324114045,0.12901577656427587,0.3016667321851674,1.3163718526691255e-33,0.13863946418593215,0.14428032633423507,0.0769525930294713,1.0,0.015988016979518647,0.04493105626043009,0.00039555823160559794,0.030571861961678732,0.0072793224125042195,0.08393358355667987,0.03760756615594722,0.07662603628533281,0.03875202228098278,0.0007641504402972184,0.008667595147960883,0.049609417994312906,0.006426822391453621,0.12213594581278792,0.17119941306379133,0.07725941164526401,0.25836685481969296,0.2699183275370807,0.11598128992666279,0.051118156307194726,0.18705723163000898,0.031011289757559877,0.4248227194551264,0.03832189410656819,0.021532841914276738,0.016667621530850402,0.02558678552499052,0.11719439722163086,0.03754936377249867,0.0001271910131213777,0.026505551876558772,0.02358876245651257,0.29249571191599466,0.012076500139035882,0.0005190708102915862
dqcp1yv9,0.016961726462613028,0.0010964060516280977,0.0020577274646968497,0.004492842671678272,0.027464513579702473,0.011548168520273943,0.011794860512648915,0.005648421734542141,0.012163643794439107,0.05282973053042781,5.155630865480014e-32,0.004562474649223907,0.01878885083583807,0.028641457875278813,0.015988016979518647,1.0,0.18366032812869668,0.0006425079118083446,0.005434911762424083,0.0012435337015383294,0.00725680128280664,0.007813990363061405,0.006704288246210335,0.009741211679573071,0.00021343714089793944,0.009708119550266596,0.004188930699107147,0.05927536032149526,0.004228686012434033,0.4932536280902713,0.0051176319029032314,0.08640683286596758,0.062189018512257846,0.0010208899219077742,0.06548008813828995,0.03368056473154768,0.004428409373741756,0.20065040857712846,0.011126927850813543,0.026596408196734138,0.006536238550864663,0.005703432509329403,0.031548661276359566,0.2706287199258317,0.00015253654293991348,0.009100129533125962,0.9280183762857922,0.15322814797137435,0.0032946902056563837,0.005245851430661831
dqcnctbb,0.12676365006747373,0.049283350579390296,0.15806618054290322,0.039622122220367186,0.5474394783578636,0.2984382003636594,0.3638759373089434,0.015948715757182264,0.09621582536260506,0.08546223367127155,1.4888647554270678e-25,0.07493805598227028,0.328888368270311,0.2228472687078889,0.04493105626043009,0.18366032812869668,1.0,0.03445961087951711,0.023295221006923123,0.05224148996018302,0.21913127122127232,0.25897325007194155,0.21667830627711007,0.2894364772842679,0.028184095976707117,0.11380390615322783,0.16485772626272244,0.2858010573231421,0.09141489399391611,0.2942671295223863,0.24245404500604006,0.17436021779797614,0.1840976021709423,0.040245117058038966,0.5006253177496135,0.47102422861507653,0.3146633642152128,0.1517077533102503,0.3508139259932995,0.32775618155426106,0.049655314343077836,0.36826820849175895,0.3730710472221972,0.8757777827930238,0.019831675083544244,0.23446322839670522,0.19515986089201343,0.4051350578178232,0.2526521174345147,0.034459327382334135
dqcne6ct,0.0021599230698061854,0.016163527771868056,0.04781910052546981,0.14187568261691957,0.02302803674829503,0.0743327722009559,0.03778242745923998,0.035876801869534854,0.035376967894262215,0.006985322738335491,2.7128117190859497e-18,0.029957593393217064,0.08776517118998274,0.08046293508186339,0.00039555823160559794,0.0006425079118083446,0.03445961087951711,1.0,0.05181787666380117,0.5031683277508525,0.17486177714240894,0.16175347785056599,0.12142944483307191,0.17964290284740575,0.4135714933459205,0.42795595830941946,0.13575587572948236,0.010150923082832141,0.016844261879956145,0.0012294260655789284,0.05247533792569261,0.002907030703387875,0.006400342828563484,0.01159754210487982,0.17394610166085359,0.032964701378715114,0.03942290600360519,0.00039488717440902874,0.1607089896615793,0.3116805239244622,0.1797090469763874,0.03972280611936399,0.06021474880298189,0.022726411105665614,0.7363816166412592,0.07672612564040368,0.0004853232349207505,0.007973984743487234,0.09813981781247864,0.09722588057992854
dqcngjkj,0.041680433929856424,0.12180056294589114,0.05003881183760461,0.3389666356570008,0.0031976913421841212,0.09775300476721907,0.011430086517365257,0.4863576288215781,0.1410090188114781,0.4251631028783691,6.4071537438456e-25,0.3805715141222914,0.10449749509176656,0.394965742555699,0.030571861961678732,0.005434911762424083,0.023295221006923123,0.05181787666380117,1.0,0.1430916755639261,0.16246649476817415,0.06106753709844588,0.10123915248902428,0.06152324065014614,0.020167842523993697,0.4044037114392479,0.0928404596941906,0.018553861290812684,0.16332424443457152,0.01243411998806236,0.04113737695068449,0.013387784682906466,0.02565172675219504,0.10335157543832306,0.2489740490006911,0.03685358889203357,0.009662325038075105,0.020793368335552547,0.044609875797444194,0.10674929117939568,0.8056056448803637,0.006998229712731251,0.046517908691510367,0.01514595827330694,0.008449237898176047,0.12234892768100071,0.006018170809760706,0.03821080819673553,0.011930241699451647,0.09404513956957063
dqcner94,0.02559736135773434,0.07174574071872587,0.13848228312495217,0.45459220356229385,0.015514078716824024,0.20434582874540577,0.032708432683490676,0.04090447280860776,0.09402819177316483,0.0414576390185918,7.819645936292664e-22,0.11028836057612285,0.23339968630939376,0.23783939534173687,0.0072793224125042195,0.0012435337015383294,0.05224148996018302,0.5031683277508525,0.1430916755639261,1.0,0.5545035380313834,0.22672908937681027,0.4825185619031432,0.2612587476878079,0.5898591048528359,0.5221383139755189,0.5310931244959034,0.012787334690778206,0.050737118574585384,0.006572140306266417,0.2198497102107399,0.016920564026327203,0.0579233503848223,0.04487179546811191,0.2845505625650769,0.10565867156138523,0.09939742769129659,0.003961986914254827,0.23969506823154815,0.5634526125125101,0.33706275462148616,0.0779280631285263,0.25870931763640054,0.030330364375856733,0.35602239554423004,0.13892820437304648,0.0009557521283118868,0.05180414368889635,0.10146953255349032,0.0801161850640455
dqcnf6cg,0.2363389616500199,0.34272089205789075,0.5512459945293183,0.37971411841502933,0.0799527851354891,0.7184091361284365,0.17008281662325608,0.038411902385498874,0.27845300950830787,0.15911670746470497,6.972618554243219e-24,0.37925481887972984,0.702980980264983,0.47963168728073813,0.08393358355667987,0.00725680128280664,0.21913127122127232,0.17486177714240894,0.16246649476817415,0.5545035380313834,1.0,0.5385276022006711,0.9060175055758362,0.5759512867066278,0.26045049706881734,0.37967041374467453,0.8385324834856004,0.05040223708984747,0.275041120809665,0.04689488413619569,0.683585604841874,0.10150496214947942,0.21294370094958218,0.2464558604966801,0.5408640947604194,0.4974015180722331,0.40679602487502897,0.04487221652166032,0.5742958862095291,0.5862759466807995,0.2825324606818983,0.34151087552062787,0.61295255436559,0.13282396150104578,0.11312031014177094,0.3754923953384372,0.007529728508116085,0.24409906564569206,0.31653062412063926,0.04638500744482638
dqcncf4c,0.10983174870068786,0.23843476460648869,0.4205424461996715,0.2096758328027338,0.19566823310869197,0.7892519798386178,0.5390324494546801,0.014240061023152855,0.4850132794797045,0.062309538782025824,4.898175958244379e-23,0.21778342362491251,0.8203606602192579,0.1585517025350695,0.03760756615594722,0.007813990363061405,0.25897325007194155,0.16175347785056599,0.06106753709844588,0.22672908937681027,0.5385276022006711,1.0,0.3437078960577395,0.9862627803134036,0.08436938050581115,0.1796827654648074,0.2687925587852891,0.024521128426855148,0.2489196041335124,0.03280835846908854,0.2867113189937995,0.12855054274252847,0.09033666247363664,0.24423107984523443,0.3547657351482942,0.6088977397976907,0.3244425132241339,0.018907985096593832,0.9494615876215861,0.31285200620873393,0.1083418703956658,0.4066329603178301,0.31896893507518953,0.22787763157802932,0.12512997997652242,0.18386811486146096,0.009588563893274697,0.10935565249109024,0.7241942254224264,0.011185438351595047
dqcnf6cj,0.23991947859862262,0.24684974833110865,0.49896135676310555,0.24252892617283928,0.07317199051160853,0.5391426816172032,0.11415130165184804,0.025717086794282605,0.13934322594713341,0.12274024055865511,2.915735130445226e-24,0.2660829572657894,0.5097148707386393,0.4721180880355418,0.07662603628533281,0.006704288246210335,0.21667830627711007,0.12142944483307191,0.10123915248902428,0.4825185619031432,0.9060175055758362,0.3437078960577395,1.0,0.38284449105962687,0.30380941372070835,0.30118947378910854,0.9737101176302199,0.0650000999879172,0.18463552037147254,0.04933724386599366,0.8313270283225795,0.07860010524630462,0.2398953883509082,0.15288189366440624,0.4719517644504507,0.41623483523539834,0.4777167500722716,0.050630941349034855,0.4127681595230309,0.5810167935618511,0.20007531871090678,0.3611655971964627,0.675929547080459,0.11528829245171074,0.08602432977121348,0.38216138864810184,0.006512702575771813,0.2868947612677851,0.2324981632537923,0.05064010822951633
dqcncfq5,0.11223045319464565,0.20457956596551372,0.38975139612227866,0.2367322272328836,0.1972036477518205,0.7756268708590035,0.494943247995723,0.014191419377278258,0.47289456937776064,0.06433422492110603,2.8568705215957263e-23,0.19605804991321188,0.840382000059473,0.16897757964087393,0.03875202228098278,0.009741211679573071,0.2894364772842679,0.17964290284740575,0.06152324065014614,0.2612587476878079,0.5759512867066278,0.9862627803134036,0.38284449105962687,1.0,0.10037284293068997,0.19731161151239057,0.30276407820305784,0.02624404916078182,0.2115400951961543,0.04057384562862757,0.305515087257523,0.14981988342293148,0.11507202742700591,0.2018918109130022,0.3840417789391872,0.6407902892542046,0.336186930530691,0.021424227371600584,0.9760844623070173,0.37984103410498365,0.1138472510700642,0.4172008614170118,0.38504144177846605,0.25865977043971666,0.14416088129679888,0.17943593534916263,0.011259572383623035,0.13296247164160702,0.6945446148540648,0.012952136957590194
dqcne4gy,0.005390143591136345,0.020101047757293947,0.08827757034867327,0.07535370373085634,0.015556894069193392,0.06932276012625288,0.017329929538397112,0.00945241027472595,0.010582681405014336,0.004758075711477272,1.9089382942597787e-19,0.024660589202394938,0.06781748073296787,0.09557525006984886,0.0007641504402972184,0.00021343714089793944,0.028184095976707117,0.4135714933459205,0.020167842523993697,0.5898591048528359,0.26045049706881734,0.08436938050581115,0.30380941372070835,0.10037284293068997,1.0,0.23774989034986235,0.3911615302791241,0.01239002430344967,0.012548327047808183,0.0011685964650731103,0.18246581475709372,0.002146677658808586,0.013410942160046032,0.00973000046487753,0.1227689085012533,0.035313750728165186,0.11293394051384209,0.0006203787001385842,0.10811423801037173,0.33390519869628793,0.08699638335408187,0.08027520845615477,0.12108743531293369,0.011816817693977369,0.45277205811019566,0.10646261705321017,0.00014846059928265383,0.015143608276268924,0.0736332715014108,0.07227364613826523
dqcng06w,0.026321801279655225,0.08006966606956514,0.11717096273411369,0.32157281554760353,0.034533261339876796,0.17596060574373507,0.05142019052929597,0.3338869085002912,0.09722868408040407,0.13619719051265952,1.8355118049365163e-21,0.20851469125435326,0.19222486592344595,0.5524818785640165,0.008667595147960883,0.009708119550266596,0.11380390615322783,0.42795595830941946,0.4044037114392479,0.5221383139755189,0.37967041374467453,0.1796827654648074,0.30118947378910854,0.19731161151239057,0.23774989034986235,1.0,0.3123270463144647,0.08577451667392365,0.10567773556520797,0.016712927925675938,0.14609651274452995,0.014924044370009878,0.03960346001087221,0.055486375910773995,0.6229245189890993,0.08623998104356576,0.06554144680804508,0.012370195085604056,0.1744752715932508,0.5254562910974115,0.7769835451232981,0.052848858767330316,0.1568535778490446,0.06847232855516579,0.14667664936466923,0.3281538521753248,0.008468361468849125,0.06616778878177228,0.07557292886186227,0.399471014708982
dqcnf3uz,0.17203803861362033,0.20252977054375157,0.43968611284701864,0.21537132625344724,0.055627546939434114,0.42258718479029816,0.08144091209634807,0.025623391190354828,0.09422990116415834,0.09331145352113597,9.710962942765946e-24,0.22259670250582386,0.39138718655308197,0.44843732348636933,0.049609417994312906,0.004188930699107147,0.16485772626272244,0.13575587572948236,0.0928404596941906,0.5310931244959034,0.8385324834856004,0.2687925587852891,0.9737101176302199,0.30276407820305784,0.3911615302791241,0.3123270463144647,1.0,0.05972671141746032,0.14332958935491275,0.03179461037119833,0.7880601736806743,0.047730590906682656,0.18072950329433785,0.11685956583115663,0.418495468610626,0.30217539911119606,0.4255895792678351,0.033299467821569555,0.32829498025195103,0.5626482313031473,0.19968558175762938,0.3027938366702483,0.5790501695911598,0.08025095651843102,0.0985042270426796,0.37153671493318746,0.003894471563528673,0.21751838928496625,0.1865732577908646,0.06152232005084398
dqcnc6tb,0.025974848713465632,0.019887597502129806,0.059768888155054094,0.004263408533279146,0.1773114609656213,0.04410978971843665,0.060572406056831035,0.05583332991593537,0.005656258974223105,0.04881988294202791,1.8798502740905028e-23,0.046406813602401994,0.03484798229959593,0.2430766356252485,0.006426822391453621,0.05927536032149526,0.2858010573231421,0.010150923082832141,0.018553861290812684,0.012787334690778206,0.05040223708984747,0.024521128426855148,0.0650000999879172,0.02624404916078182,0.01239002430344967,0.08577451667392365,0.05972671141746032,1.0,0.050444237007153434,0.046755900415524854,0.09193813224260203,0.005730282945909559,0.014936327661532425,0.012293506347746863,0.27480596195467927,0.0434550836435354,0.08597666749027999,0.05532377883604131,0.03300024699678095,0.0828445478974106,0.04287028374419517,0.0688482057633358,0.04729912949698439,0.13868537898795144,0.002853511123992321,0.3707062139645441,0.06807051865897343,0.0779262354922589,0.03083312175933512,0.16938997609437872
dqcnc7bc,0.25930017557268736,0.8346625292396969,0.5201811664928425,0.06968741581916361,0.053937504831524714,0.47377871540024125,0.1999169726473346,0.058217589394423896,0.23502008681721392,0.24704829698086916,3.2017318878268352e-24,0.8411239791783104,0.3307811287795841,0.2996917638353374,0.12213594581278792,0.004228686012434033,0.09141489399391611,0.016844261879956145,0.16332424443457152,0.050737118574585384,0.275041120809665,0.2489196041335124,0.18463552037147254,0.2115400951961543,0.012548327047808183,0.10567773556520797,0.14332958935491275,0.050444237007153434,1.0,0.019372200038127348,0.21634593108407532,0.03284526412099262,0.029995232197941632,0.846360100783219,0.24509890917015176,0.2220672556024036,0.1393899422694166,0.05101053515400741,0.1890049208412028,0.06113844999688746,0.14730226341474115,0.12254061754457045,0.07905316777227431,0.051698688673145296,0.004952577240588363,0.3773011780866186,0.0077770084723345016,0.06619939278234654,0.15501690575773708,0.01302965683520333
dqcp1z6r,0.1730695755055473,0.009785122630684156,0.015684059682833068,0.022748836648472198,0.036897710600311315,0.06746259833801414,0.027679924577721414,0.003977157901726316,0.05518932578645334,0.1491620351784912,6.606008544723857e-33,0.022000677288568332,0.09855753521724034,0.07463701540541966,0.17119941306379133,0.4932536280902713,0.2942671295223863,0.0012294260655789284,0.01243411998806236,0.006572140306266417,0.04689488413619569,0.03280835846908854,0.04933724386599366,0.04057384562862757,0.0011685964650731103,0.016712927925675938,0.03179461037119833,0.046755900415524854,0.019372200038127348,1.0,0.042091911590088585,0.4351504513466057,0.42858072632903566,0.008270798081710476,0.1205312642047274,0.18468577823495233,0.029608296826869353,0.6241142079984385,0.047303371537774565,0.07501051691584763,0.013345381271332325,0.03242895112243139,0.19231179943953008,0.3606371071591468,0.00045437003835483515,0.023282993759277466,0.48117336668871824,0.640298116507427,0.013800653907144213,0.0035023960060376266
dqcncdq7,0.28792977059740055,0.2844862160619959,0.6806772793368127,0.08299598404153173,0.12409219847746368,0.5196197348922398,0.16447694031853421,0.01170593538404951,0.08191741910636628,0.07802588413648522,3.695285426488457e-24,0.2331320149394996,0.4170454606926832,0.354084864442418,0.07725941164526401,0.0051176319029032314,0.24245404500604006,0.05247533792569261,0.04113737695068449,0.2198497102107399,0.683585604841874,0.2867113189937995,0.8313270283225795,0.305515087257523,0.18246581475709372,0.14609651274452995,0.7880601736806743,0.09193813224260203,0.21634593108407532,0.042091911590088585,1.0,0.05722518802875262,0.16415085377639066,0.17532811723468525,0.34923442806068977,0.4293161577097492,0.7500047791416109,0.054521509942496764,0.3594785941165555,0.33660347529422735,0.08636189742442543,0.5674880518202078,0.5201509958306157,0.1145220023410894,0.040927154386689264,0.45057719183829786,0.005755106577236317,0.24952106882085637,0.2898301008393222,0.02759750053395151
dqcp1ys8,0.2446590366149787,0.02668376990616486,0.033621400854708765,0.08131967144291682,0.027457022556310197,0.18812680882915092,0.05669248343683026,0.001286786678173773,0.26989172769475384,0.10116262914571884,1.846948308490566e-32,0.03462074573823569,0.2905591201591296,0.041599874826406674,0.25836685481969296,0.08640683286596758,0.17436021779797614,0.002907030703387875,0.013387784682906466,0.016920564026327203,0.10150496214947942,0.12855054274252847,0.07860010524630462,0.14981988342293148,0.002146677658808586,0.014924044370009878,0.047730590906682656,0.005730282945909559,0.03284526412099262,0.4351504513466057,0.05722518802875262,1.0,0.5626102766893026,0.028097340857606852,0.08676157226044812,0.4264537780339768,0.04517824468070917,0.22101420300529984,0.1558091193506196,0.08521583683824342,0.012963015245877074,0.059128452809662904,0.2983069894946842,0.2591855640991572,0.0017891084143672816,0.013286588120710492,0.09107739919336827,0.4435251589989017,0.046388390997520845,0.0006214407328904845
dqcp4kgx,0.33081006852825867,0.031907936198237556,0.052304605544302815,0.1303617343380405,0.01978475022717102,0.18027174922489642,0.026257108927524364,0.003067648834593327,0.12469767744105918,0.14417350107644344,1.1098349790835658e-31,0.04685362684000832,0.2585793634272989,0.11815314492621054,0.2699183275370807,0.062189018512257846,0.1840976021709423,0.006400342828563484,0.02565172675219504,0.0579233503848223,0.21294370094958218,0.09033666247363664,0.2398953883509082,0.11507202742700591,0.013410942160046032,0.03960346001087221,0.18072950329433785,0.014936327661532425,0.029995232197941632,0.42858072632903566,0.16415085377639066,0.5626102766893026,1.0,0.022695497492707294,0.15047111725164025,0.35952827501253243,0.08432117404380393,0.2834274312578043,0.12880419649628114,0.21648385975779696,0.0320801685363772,0.07720507308106479,0.6225498940800959,0.18138299197180563,0.004090231195433583,0.03327607647380276,0.05262868286614121,0.7868455524405573,0.033734916621158934,0.003708901657822554
dqcnc78q,0.23441076431568172,0.9314177062384806,0.49505513501884246,0.07003619094620901,0.02442676829443104,0.4573334366016287,0.14344498023429994,0.020064321053664822,0.26138624578533465,0.1414459235594036,1.3326037776128314e-24,0.7008770375190184,0.3141406777909726,0.15215731889585388,0.11598128992666279,0.0010208899219077742,0.040245117058038966,0.01159754210487982,0.10335157543832306,0.04487179546811191,0.2464558604966801,0.24423107984523443,0.15288189366440624,0.2018918109130022,0.00973000046487753,0.055486375910773995,0.11685956583115663,0.012293506347746863,0.846360100783219,0.008270798081710476,0.17532811723468525,0.028097340857606852,0.022695497492707294,1.0,0.12188276488386181,0.19474180789594223,0.11007123925396001,0.02343600879974344,0.17348259513775097,0.03633849147319029,0.08536939801760562,0.09829508769229436,0.06079527685774982,0.02309931814041893,0.004205577744483032,0.19200408849731287,0.0019782426728133257,0.037686026877828724,0.14269391202780488,0.003417012504377167
dqcnf794,0.13584179134272684,0.16080479759435246,0.2755448595832159,0.2240269594405915,0.18286316629982438,0.43277273868265737,0.2113975719019416,0.17731240907609794,0.19365383230129143,0.27873238238758424,1.4887888115759085e-23,0.32211738036718257,0.4529336093746405,0.7526623931775522,0.051118156307194726,0.06548008813828995,0.5006253177496135,0.17394610166085359,0.2489740490006911,0.2845505625650769,0.5408640947604194,0.3547657351482942,0.4719517644504507,0.3840417789391872,0.1227689085012533,0.6229245189890993,0.418495468610626,0.27480596195467927,0.24509890917015176,0.1205312642047274,0.34923442806068977,0.08676157226044812,0.15047111725164025,0.12188276488386181,1.0,0.34291952640507867,0.2307625711244324,0.09533936937490069,0.38555990325265044,0.6369033919357647,0.43534136954599484,0.21101418366077188,0.39352396159298253,0.34367579469405635,0.06666633681129942,0.5614849105388349,0.06680557375271276,0.2941225054971095,0.20609858089543134,0.2128208762058969
dqcncwc5,0.40206158364835,0.210814339945469,0.38724125282035166,0.1338266417691601,0.21564372903991127,0.7863064968824881,0.40760530926863,0.006666285953966106,0.39156248784415254,0.12220273104525894,9.800169366098434e-27,0.18856624475112835,0.839208481919414,0.1863663271959331,0.18705723163000898,0.03368056473154768,0.47102422861507653,0.032964701378715114,0.03685358889203357,0.10565867156138523,0.4974015180722331,0.6088977397976907,0.41623483523539834,0.6407902892542046,0.035313750728165186,0.08623998104356576,0.30217539911119606,0.0434550836435354,0.2220672556024036,0.18468577823495233,0.4293161577097492,0.4264537780339768,0.35952827501253243,0.19474180789594223,0.34291952640507867,1.0,0.4458398990157473,0.1323560292695599,0.6977400775679051,0.28919022558225643,0.05552028733539588,0.5127372107561393,0.6130206132317356,0.42401516635397357,0.024828718504292472,0.16520132768926146,0.04080571231568138,0.4330950355884198,0.442760848464024,0.006177863892897395
dqcnc0y3,0.15296199044837866,0.1617678400365196,0.610993979070145,0.027318852093606842,0.3192204969544197,0.44709011491957434,0.3418742763626011,0.0032361673751886214,0.05386530798239279,0.02325915008045356,3.084748882917233e-23,0.10276669530443305,0.3470618717118833,0.1490729303110132,0.031011289757559877,0.004428409373741756,0.3146633642152128,0.03942290600360519,0.009662325038075105,0.09939742769129659,0.40679602487502897,0.3244425132241339,0.4777167500722716,0.336186930530691,0.11293394051384209,0.06554144680804508,0.4255895792678351,0.08597666749027999,0.1393899422694166,0.029608296826869353,0.7500047791416109,0.04517824468070917,0.08432117404380393,0.11007123925396001,0.2307625711244324,0.4458398990157473,1.0,0.027391557626027525,0.429976803449996,0.2177554143502856,0.02615537696356638,0.93093706718917,0.3590011429150351,0.1647425865179729,0.04232690391466086,0.32073162946145434,0.005364920021220828,0.1499150995618885,0.5253863264597354,0.011130036156917206
dqcp1rzr,0.38239084162329684,0.02899652407521365,0.02654440590524842,0.014983670470672384,0.01720354867361367,0.06700237386826757,0.017313644161359918,0.0064121440323075055,0.04202056654703664,0.3027745407884834,1.8781576598970085e-33,0.056874082278924716,0.07495825833292677,0.11168060799684076,0.4248227194551264,0.20065040857712846,0.1517077533102503,0.00039488717440902874,0.020793368335552547,0.003961986914254827,0.04487221652166032,0.018907985096593832,0.050630941349034855,0.021424227371600584,0.0006203787001385842,0.012370195085604056,0.033299467821569555,0.05532377883604131,0.05101053515400741,0.6241142079984385,0.054521509942496764,0.22101420300529984,0.2834274312578043,0.02343600879974344,0.09533936937490069,0.1323560292695599,0.027391557626027525,1.0,0.024232779115614243,0.03386930104870152,0.015713645677804883,0.023518137619219077,0.11561488351337777,0.13445109921103832,9.995866567959383e-05,0.039033396787491306,0.24748019870378787,0.5257266977341518,0.007732987506568701,0.003041847815955318
dqcncf6c,0.11982965788738398,0.1835442428122925,0.4142367864717489,0.1852699973585059,0.2558563287995612,0.7684719098685426,0.5419855479042851,0.010766472238108641,0.3821850066879507,0.05492514939171281,2.441877578465499e-23,0.16692048244315386,0.8200016386528369,0.1648545684227554,0.03832189410656819,0.011126927850813543,0.3508139259932995,0.1607089896615793,0.044609875797444194,0.23969506823154815,0.5742958862095291,0.9494615876215861,0.4127681595230309,0.9760844623070173,0.10811423801037173,0.1744752715932508,0.32829498025195103,0.03300024699678095,0.1890049208412028,0.047303371537774565,0.3594785941165555,0.1558091193506196,0.12880419649628114,0.17348259513775097,0.38555990325265044,0.6977400775679051,0.429976803449996,0.024232779115614243,1.0,0.3999348284457307,0.09013532147892303,0.5305555968928827,0.43754182761577354,0.30481377139038895,0.1411631414385887,0.191531270742213,0.012671970920751778,0.15495004575801352,0.7635421737019287,0.012738457683156897
