home,dqcp176g,dqcnc7hq,dqcnc29k,dqcngqhc,dqcnbbdq,dqcncsjm,dqcnbchm,dqcng43b,dqcnfpuz,dqcp473c,dqchf7jt,dqcncu6f,dqcncvkb,dqcnfk5z,dqcp1rx0,dqcp1yv9,dqcnctbb,dqcne6ct,dqcngjkj,dqcner94,dqcnf6cg,dqcncf4c,dqcnf6cj,dqcncfq5,dqcne4gy,dqcng06w,dqcnf3uz,dqcnc6tb,dqcnc7bc,dqcp1z6r,dqcncdq7,dqcp1ys8,dqcp4kgx,dqcnc78q,dqcnf794,dqcncwc5,dqcnc0y3,dqcp1rzr,dqcncf6c,dqcnfffs,dqcng4te,dqcnc0gn,dqcnfqc3,dqcncx6x,dqcne1qu,dqcn9xvx,dqcp1wg8,dqcp1gxv,dqcn9r0y,dqcnenmf
dqcp176g,1.0,0.323213902415886,0.21179467553391626,0.058526983059810786,0.07073475722683506,0.028839778808117535,0.11802427217747123,0.07017970448446018,0.5724455186027199,0.5070934914935158,2.577433285454744e-29,0.3995670273386689,0.40069979205001893,0.2891221705074323,0.41084510090312776,0.29005906774079265,0.2791662143479879,0.005883076928161446,0.11514032495828568,0.023466394615077768,0.008371774029841753,0.19985698549393063,0.014312532880419733,0.2184742862384337,0.0014144609392237391,0.024589044464542242,0.10238330395996635,0.012277636988507784,0.23380210564661336,0.4693188473447111,0.022679396248166832,0.2722114884099695,0.31608144346454337,0.19950455212337662,0.1493771240849959,0.3168703723679897,0.11762606273095373,0.29571172330327566,0.25848311211190905,0.10780539764019507,0.06245115337566643,0.015640042925906452,0.24772028504449856,0.23243976047852613,0.0018239572688642997,0.11468209883173364,0.03533954797108051,0.20788519782373927,0.05565413536807068,0.01268664891975965
dqcnc7hq,0.323213902415886,1.0,0.7235881475710654,0.05579079633636787,0.2513311446238512,0.04057814390150619,0.2910308936097176,0.17782866874668338,0.3220630824369465,0.27282222980319076,1.272284827191077e-23,0.4611918005733433,0.5007255176608519,0.33028802295761517,0.06007993916020575,0.02147648721145025,0.5301780386834886,0.05628281968966736,0.22002404557044744,0.06947678804236845,0.03918220206368005,0.884642635718585,0.04502366409054249,0.71910975228915,0.0312288013379014,0.11643520094084865,0.26208693470742556,0.05914500986504341,0.8318888301764459,0.03305752365393226,0.055786553021618675,0.02114495579275292,0.15555421744354994,0.49180309060941185,0.601638378789383,0.619753437337535,0.7905477388940515,0.04020607596671205,0.6351019808188841,0.3470446916492176,0.16224962981622332,0.05679868816431574,0.4865272357976033,0.3889403973159039,0.03922875448710829,0.2851358385600474,0.012800710332930303,0.158548741636823,0.26572517619710073,0.15072975904531438
dqcnc29k,0.21179467553391626,0.7235881475710654,1.0,0.028574554575910658,0.18623247998421763,0.05342903555058688,0.4583084114238897,0.21632851756834512,0.3255846862488767,0.10293317679647512,5.318416185246199e-22,0.6523465979159585,0.5403177701739169,0.2962247387040385,0.02844884889131524,0.012200365055343096,0.21433632411358913,0.0860062641540319,0.12006455058970777,0.12638727304760883,0.02671957589814985,0.614281892117205,0.03720061342228918,0.43974195941093436,0.017696092438273938,0.09601815124879,0.16390572979220322,0.04388093406677462,0.3944149980941524,0.02828493100693345,0.048535894360774795,0.011773731023738148,0.038876824280237546,0.34383902462382754,0.3738876699564678,0.24575705305821124,0.6609027433486689,0.013361799120449746,0.5552523381751479,0.20256166283449376,0.1760017347833481,0.06639083389899639,0.2823864119347374,0.10741385389893143,0.03375576417188819,0.3074267540638143,0.0037397541499328856,0.0455494151733113,0.2165245271427703,0.1100597135238608
dqcngqhc,0.058526983059810786,0.05579079633636787,0.028574554575910658,1.0,0.014069268614946515,0.0044125425530382335,0.006963066445904671,0.19459146007327927,0.1716580163049208,0.27007918830346345,4.392069757122452e-25,0.0888446028158984,0.09245615648708226,0.4838974716229936,0.019212923571659966,0.08982929074451922,0.10603341959026566,0.13639208057552923,0.5136434300535557,0.15218489058280268,0.005698801783009869,0.09654060180634691,0.010962627425172273,0.21985048794224293,0.05434000407472322,0.1778561402837468,0.4149862728830258,0.0016449739060322016,0.04711459576713333,0.03644156089311692,0.010742346970128124,0.09075528408417373,0.19654076881824029,0.031398723331047776,0.09920618512152145,0.06499610745535322,0.01276691891361969,0.025673276794301363,0.16260302491360487,0.46450591143882525,0.21679269061602136,0.0016119560623671493,0.09191224139105154,0.10039440454842545,0.0863247321136331,0.12589351355453185,0.002307048577495373,0.05315258873868243,0.030999015578468323,0.11831919181737979
dqcnbbdq,0.07073475722683506,0.2513311446238512,0.18623247998421763,0.014069268614946515,1.0,0.09443823872086511,0.383839323011909,0.013738006848575486,0.04234639418593904,0.03911173344129291,1.45003562975374e-21,0.07695761537491656,0.1369709400846894,0.1035207068089046,0.03739532458818903,0.00962732048536449,0.44161720657083525,0.012041211937848378,0.022974161087265414,0.007012784201590211,0.05055673595059124,0.17834874900862246,0.08097857854912095,0.25267725097862564,0.04197463160979243,0.06214943840221078,0.25062687043443765,0.12816037148221898,0.2857040718247697,0.005310820082312637,0.2799103259682051,0.010752013033889321,0.022400789002119066,0.6231674538131923,0.058285914591665294,0.27651551947223224,0.15330888874008655,0.04394284172989206,0.4065447871607752,0.0594530873164589,0.011519331172857783,0.24764056706816623,0.033848939780811674,0.16570917623119477,0.028001804414687206,0.47006623219691884,0.020439429352836484,0.07659529976543768,0.8810837056821601,0.015137130866327573
dqcncsjm,0.028839778808117535,0.04057814390150619,0.05342903555058688,0.0044125425530382335,0.09443823872086511,1.0,0.3390921097505022,0.026238170766245166,0.04978152989877031,0.015968180807024345,2.664444583564106e-24,0.06695762459002098,0.2118577967400766,0.03126925623476272,0.08181392231406548,0.00305023580717402,0.051216308130775184,0.005610108446591032,0.015322836842290457,0.014863365288330257,0.40731810961633946,0.03533332519607718,0.6241499976017154,0.026384511698548725,0.01008627100671792,0.1172800776074491,0.04413621225268837,0.47351690392328644,0.018970886878819617,0.00850187342279875,0.635825025480875,0.0027994286749970384,0.006252345993779434,0.2774046570003332,0.028655422071928997,0.0648841237427991,0.02733385897708911,0.03548389909965618,0.14067723601251106,0.017836462425399182,0.022093213085466114,0.6529981414529151,0.030334080568226226,0.007144051584962065,0.005306969762249247,0.06312797433088432,0.1189979461543847,0.08209214586041166,0.11513192591899633,0.007120196243120651
dqcnbchm,0.11802427217747123,0.2910308936097176,0.4583084114238897,0.006963066445904671,0.383839323011909,0.3390921097505022,1.0,0.0521473674231949,0.13318794585235696,0.034248143042869925,3.1774068215541325e-22,0.28633186972431696,0.41911810717984205,0.10882589583851102,0.0596541513439758,0.00745359602882231,0.16486524102852199,0.018159961193624573,0.026461532355938393,0.030619466549521943,0.09724785886162235,0.19759050951542623,0.1550266865038071,0.1484032998505473,0.011641619941819064,0.07858311907803572,0.10086545918355388,0.22266006780319025,0.15386425674802046,0.017393468966932175,0.2816860011232265,0.007276996348206564,0.011993648257224623,0.5768027868244564,0.09681965517002014,0.17555803260094524,0.25004160445971735,0.028116232795717313,0.4162686675634573,0.04808474487356871,0.039610330146999835,0.4537763646021556,0.07772268310182862,0.039758853746586574,0.012021105544233204,0.2765252990183132,0.021876175890010938,0.05644532317473169,0.3705393078950037,0.01894169966205772
dqcng43b,0.07017970448446018,0.17782866874668338,0.21632851756834512,0.19459146007327927,0.013738006848575486,0.026238170766245166,0.0521473674231949,1.0,0.40485739618923583,0.15211377352897712,4.9510030230998414e-23,0.43182575765223274,0.39732842794792184,0.3848723566503544,0.013663414273280747,0.010844735247378608,0.06109164553494536,0.38816697736011707,0.5779388729904433,0.7891162793639551,0.03236498543702905,0.30383887561995965,0.04358188572046639,0.2357299029739908,0.0447628579715653,0.3598201784510066,0.17571111660755048,0.01208507386631553,0.07289627561324208,0.027498577626273567,0.01904339986017606,0.009621029304537381,0.06180203412255989,0.06759948018212722,0.4372425472405751,0.08039802300657349,0.1143703174972093,0.00571020412069023,0.27527314404388575,0.5111030231950642,0.9844517069367499,0.010009557546728583,0.3987019304486637,0.03325693700782769,0.10124517649719073,0.09764416672214715,0.002050472922487826,0.03937868725410372,0.032473899734834936,0.4473586117824954
dqcnfpuz,0.5724455186027199,0.3220630824369465,0.3255846862488767,0.1716580163049208,0.04234639418593904,0.04978152989877031,0.13318794585235696,0.40485739618923583,1.0,0.46773348031718426,9.423511279972317e-27,0.7985697595396256,0.7061057745231374,0.5888328581313614,0.17812393609372876,0.16550197533669822,0.17375200175773922,0.05869949840177127,0.35306536379847236,0.22131415970043153,0.019373346183832227,0.30105549311839813,0.03379762919455321,0.29169102820086285,0.0065804297463023,0.1163841319367018,0.1845949236978783,0.014727519188316362,0.15584056194240326,0.36235021546612634,0.030853542399547813,0.14921886802606668,0.21885192893821145,0.16400107641347964,0.3051306320152774,0.2068247162255686,0.13468434958279354,0.09297870816663413,0.3958573431936183,0.2942893280547809,0.36641011241032473,0.018162202826607986,0.4297458708586438,0.11040872670512222,0.012424997968206513,0.168142396518169,0.014700318360603277,0.13232812490797277,0.05496333226583019,0.07332741116281413
dqcp473c,0.5070934914935158,0.27282222980319076,0.10293317679647512,0.27007918830346345,0.03911173344129291,0.015968180807024345,0.034248143042869925,0.15211377352897712,0.46773348031718426,1.0,4.7763354549500693e-29,0.23134004108666958,0.305444853835074,0.3791675258408885,0.2454356154246076,0.19367285279587723,0.37505286518732733,0.018646603303753125,0.4619912102432975,0.04739649439596652,0.017384526886850025,0.2773125728082471,0.02307564753522727,0.34485588225759656,0.010214482023135647,0.08663213769235953,0.22358280391180813,0.011594840737077691,0.2595255115157024,0.20137108527495015,0.020718566428996978,0.1824709542566228,0.8768751351078837,0.1484135191687991,0.31564322057005534,0.43024466200848777,0.09057093542725912,0.23306061238937126,0.26464653457590187,0.36682868857452894,0.1638984707061659,0.007462817654008288,0.46292368676727896,0.425144283855337,0.010300093808909058,0.0895825014762717,0.042372234145036804,0.419744692888835,0.04493501297879547,0.06608843207509833
dqchf7jt,2.577433285454744e-29,1.272284827191077e-23,5.318416185246199e-22,4.392069757122452e-25,1.45003562975374e-21,2.664444583564106e-24,3.1774068215541325e-22,4.9510030230998414e-23,9.423511279972317e-27,4.7763354549500693e-29,1.0,2.616159211485251e-24,9.889849669888224e-25,1.095686110208432e-23,3.0504420867361126e-32,1.1117704738612723e-31,6.41098787408856e-25,5.256527842379621e-18,6.41913958503527e-25,2.946212298412119e-21,1.2434090353132012e-23,9.382434746119771e-23,2.513193803254021e-23,1.2975656241789653e-22,7.16225956604539e-18,3.156532848668441e-21,6.605857362585424e-22,1.4154175369593652e-23,4.229159747941484e-24,1.4592988208036487e-32,1.2222269357520032e-22,1.849394124597594e-31,1.9418375818491476e-30,1.407649762753244e-23,4.7690880866111766e-24,5.817269004348387e-26,1.6001524893419168e-22,1.9341356205213931e-32,2.457947961370674e-22,4.905583852432883e-23,2.7424805582340313e-23,2.98360614421002e-22,2.24484744655416e-26,1.6692699461332466e-26,7.695888605693612e-17,1.174891344377121e-20,3.296573216531753e-32,2.2251785684627293e-29,2.492947256137663e-20,1.401290544457392e-20
dqcncu6f,0.3995670273386689,0.4611918005733433,0.6523465979159585,0.0888446028158984,0.07695761537491656,0.06695762459002098,0.28633186972431696,0.43182575765223274,0.7985697595396256,0.23134004108666958,2.616159211485251e-24,1.0,0.7883644036330948,0.537062781435685,0.08140490044525117,0.061240003542874226,0.16343172964858182,0.10018422307126172,0.24191296947731467,0.2805132513938312,0.023505290134474704,0.417827802764459,0.040167040301615886,0.3471190649493986,0.009985943882680662,0.128204422068203,0.1847528157522868,0.02371778394082253,0.2010507003399484,0.15697730506238097,0.04166937984066958,0.05619121238408733,0.08688896608827801,0.2249001848700115,0.34257762558821747,0.19061238701022024,0.2702001581213088,0.03617695917340511,0.5158464269946097,0.26606790140426784,0.3627321444054888,0.03639847050394201,0.3724407615672246,0.08350881563439752,0.021925756989162406,0.25842468206523395,0.0068324005845722974,0.06968723972179562,0.1009043327541854,0.09759829370981542
dqcncvkb,0.40069979205001893,0.5007255176608519,0.5403177701739169,0.09245615648708226,0.1369709400846894,0.2118577967400766,0.41911810717984205,0.39732842794792184,0.7061057745231374,0.305444853835074,9.889849669888224e-25,0.7883644036330948,1.0,0.45681860072165636,0.17960132150922614,0.05192082875260898,0.28371622981083855,0.0776367404447934,0.2947842032066039,0.20827987558505795,0.11177807463402097,0.4749612007268913,0.16376230633326805,0.37582101559597253,0.022923602767701355,0.2591871644009301,0.2525941005306447,0.10645527783464595,0.25443710779633427,0.12934714062704147,0.14625187140880297,0.047432641601806186,0.13572606314169475,0.45986891697732596,0.439136791271268,0.36506519320655195,0.3037692798303755,0.08541168185547961,0.6655831716155733,0.30876774651426764,0.3530743271363421,0.12176803092930556,0.49196620799197127,0.12117111955277511,0.029776290207331496,0.2691143312252267,0.04014574412012985,0.2132220176503344,0.17564242300539365,0.1181728364501453
dqcnfk5z,0.2891221705074323,0.33028802295761517,0.2962247387040385,0.4838974716229936,0.1035207068089046,0.03126925623476272,0.10882589583851102,0.3848723566503544,0.5888328581313614,0.3791675258408885,1.095686110208432e-23,0.537062781435685,0.45681860072165636,1.0,0.06625308727033036,0.15297623341793354,0.29371485007797327,0.20495605300297823,0.47779880514245515,0.29469479710002916,0.016863227900101724,0.3762716853145836,0.03341653822061879,0.58285856060604,0.0456374463545442,0.23148363457876595,0.606204683879992,0.011363187301427297,0.21503275979289224,0.12377996934520599,0.046216974382377964,0.1525609457465767,0.19268785091596702,0.18710870218855016,0.27216178111946787,0.21148148752557144,0.11812894306812742,0.05770004173654564,0.6146569540632825,0.564862203610686,0.35824390489575836,0.017530093722610867,0.24600492422765283,0.19830087742002805,0.08708436114314655,0.5010368388083306,0.005901169923948388,0.09167369210753777,0.16263664741988015,0.15163051028745933
dqcp1rx0,0.41084510090312776,0.06007993916020575,0.02844884889131524,0.019212923571659966,0.03739532458818903,0.08181392231406548,0.0596541513439758,0.013663414273280747,0.17812393609372876,0.2454356154246076,3.0504420867361126e-32,0.08140490044525117,0.17960132150922614,0.06625308727033036,1.0,0.18466630618570964,0.14136128741053747,0.0005783676504280269,0.033501788081359174,0.003500287840819263,0.023932706959338846,0.03516527966883152,0.040545844381509245,0.04113405610937415,0.0005762586517251309,0.01606308821709199,0.03856520697124872,0.030428473308541683,0.047668334887085384,0.2962137817716788,0.0573759445211672,0.16874552154983247,0.18911845918650272,0.14654880431316986,0.032144561350658,0.17662040394836928,0.016566313247091347,0.7904553713513732,0.0895642404748664,0.02370396268933667,0.012885574540032212,0.03094365563340673,0.07292824414927053,0.07473109398334872,0.0003186546300947612,0.031054665360989383,0.3210938108367301,0.3894018640757867,0.026592401616255312,0.0018118531713879032
dqcp1yv9,0.29005906774079265,0.02147648721145025,0.012200365055343096,0.08982929074451922,0.00962732048536449,0.00305023580717402,0.00745359602882231,0.010844735247378608,0.16550197533669822,0.19367285279587723,1.1117704738612723e-31,0.061240003542874226,0.05192082875260898,0.15297623341793354,0.18466630618570964,1.0,0.05296738864823977,0.0012675981305547957,0.0317333909013195,0.005520674764232077,0.0004069916493310503,0.013570329208584373,0.0012783988888612028,0.036332171621850325,0.0002201440877327434,0.004495146386609547,0.04849858133030282,0.0003694385386220734,0.01687726471783018,0.5316304002423734,0.003563026495151411,0.9936328482548353,0.13668918756839799,0.018192924702971885,0.008513873462591236,0.03145269968557272,0.0027471583344626815,0.2491346107822064,0.04477650679994372,0.02395651641692375,0.00990147346265959,0.0008148648693854183,0.017269026441147993,0.050914108173843405,0.00033545956047321794,0.042981363068558695,0.0063479897874177925,0.038095120615842984,0.008449828175740349,0.0009325719528987286
dqcnctbb,0.2791662143479879,0.5301780386834886,0.21433632411358913,0.10603341959026566,0.44161720657083525,0.051216308130775184,0.16486524102852199,0.06109164553494536,0.17375200175773922,0.37505286518732733,6.41098787408856e-25,0.16343172964858182,0.28371622981083855,0.29371485007797327,0.14136128741053747,0.05296738864823977,1.0,0.022784427443132776,0.18992889280784886,0.020728526497245943,0.059835676379437014,0.4679552282466739,0.07610789493607266,0.6354493561785648,0.05789356601408574,0.13159217749467797,0.47588943152233015,0.0811101405597106,0.6942694715471536,0.03214265876891134,0.13562595690957743,0.055602579380811756,0.3143235046793605,0.6141049419324704,0.2798464332137741,0.8399526649946677,0.2538033558522469,0.17644352595989957,0.5762642857117322,0.29773516897719376,0.060740492328637374,0.07381314757766014,0.23465487727720674,0.75589217238914,0.03898982771844346,0.3433844079640644,0.060957491195260165,0.4130295247809865,0.43056663419722335,0.06811294820277282
dqcne6ct,0.005883076928161446,0.05628281968966736,0.0860062641540319,0.13639208057552923,0.012041211937848378,0.005610108446591032,0.018159961193624573,0.38816697736011707,0.05869949840177127,0.018646603303753125,5.256527842379621e-18,0.10018422307126172,0.0776367404447934,0.20495605300297823,0.0005783676504280269,0.0012675981305547957,0.022784427443132776,1.0,0.206686452713914,0.5817107635880703,0.009212927770674896,0.12877621364809314,0.01466265069489648,0.15081881448084544,0.17523072017609445,0.3002919135002349,0.19373815396405974,0.003068173565563681,0.026481779306055345,0.0012636106635553579,0.009897854832148502,0.0012598524188921544,0.006564363796831639,0.022564679344393546,0.1179889253225338,0.01678760578545684,0.03810608657336654,0.0003539607079257481,0.1501021727769109,0.3117766452019041,0.37432249910927645,0.0039163632404284636,0.0538791982384399,0.010573497229372788,0.5009556706755538,0.12541798294127443,8.8357299880091e-05,0.0037037005458915124,0.04017273369490159,0.4428109944309462
dqcngjkj,0.11514032495828568,0.22002404557044744,0.12006455058970777,0.5136434300535557,0.022974161087265414,0.015322836842290457,0.026461532355938393,0.5779388729904433,0.35306536379847236,0.4619912102432975,6.41913958503527e-25,0.24191296947731467,0.2947842032066039,0.47779880514245515,0.033501788081359174,0.0317333909013195,0.18992889280784886,0.206686452713914,1.0,0.30480123558414207,0.03434650011095172,0.37826868113962037,0.0415985547515742,0.4170470186930855,0.08373154041182637,0.37530118178537997,0.3586714661626684,0.012113454210902055,0.16092895990098913,0.03622782201151205,0.021867591984271007,0.02966601506907924,0.3149740753182314,0.09521959426045977,0.5367369283435026,0.21389678286274724,0.10054697448875881,0.025491203098612976,0.3138274402371191,0.864779010029513,0.6458015627259303,0.006946908448103562,0.5173430811101876,0.1672617093959183,0.11639947696784134,0.11063105780089498,0.007583179835541609,0.15078180766001334,0.047056774109363105,0.4572531735094132
dqcner94,0.023466394615077768,0.06947678804236845,0.12638727304760883,0.15218489058280268,0.007012784201590211,0.014863365288330257,0.030619466549521943,0.7891162793639551,0.22131415970043153,0.04739649439596652,2.946212298412119e-21,0.2805132513938312,0.20827987558505795,0.29469479710002916,0.003500287840819263,0.005520674764232077,0.020728526497245943,0.5817107635880703,0.30480123558414207,1.0,0.012941705169034251,0.13203809603946765,0.022029298156953474,0.1199446603947026,0.03810718010657846,0.27509241424576536,0.12648884951876632,0.004103442141503102,0.022781280952633237,0.01219288364096799,0.010939754115853255,0.0049839264557146636,0.014971721291218458,0.02692228284903128,0.1666645877519245,0.02162116936104062,0.04140169021626742,0.0014132308205138373,0.16570744114512864,0.2946180292293063,0.7367516021545123,0.00506356059430663,0.12865729278914428,0.008926988665296103,0.12075397813418104,0.0880188682071034,0.0003545438160438584,0.008491729725833974,0.02048145623692505,0.2947545222453748
dqcnf6cg,0.008371774029841753,0.03918220206368005,0.02671957589814985,0.005698801783009869,0.05055673595059124,0.40731810961633946,0.09724785886162235,0.03236498543702905,0.019373346183832227,0.017384526886850025,1.2434090353132012e-23,0.023505290134474704,0.11177807463402097,0.016863227900101724,0.023932706959338846,0.0004069916493310503,0.059835676379437014,0.009212927770674896,0.03434650011095172,0.012941705169034251,1.0,0.05452362418908587,0.8807597603818453,0.03354375075656435,0.06165250906005589,0.26033247075280896,0.04878864727997314,0.6950185636264414,0.027049345066413464,0.0009739558468914146,0.43648969080438593,0.0003728261308972805,0.010107157812553785,0.21250521127925998,0.06872261061800511,0.0969684347458391,0.03689295805324266,0.012003618625421143,0.10234000808750131,0.03928662762825603,0.03326785743245427,0.35974954827980293,0.05712763999517991,0.011770176142931488,0.020974409801510382,0.02580412551558493,0.11750851299482633,0.1380155782330108,0.08122919849322459,0.03573254403695504
dqcncf4c,0.19985698549393063,0.884642635718585,0.614281892117205,0.09654060180634691,0.17834874900862246,0.03533332519607718,0.19759050951542623,0.30383887561995965,0.30105549311839813,0.2773125728082471,9.382434746119771e-23,0.417827802764459,0.4749612007268913,0.3762716853145836,0.03516527966883152,0.013570329208584373,0.4679552282466739,0.12877621364809314,0.37826868113962037,0.13203809603946765,0.05452362418908587,1.0,0.058044237367053296,0.8115954949443379,0.0770531696294052,0.22253734000469583,0.34437454563395675,0.05714189495689335,0.7251934823800548,0.019747730834975604,0.05395966741076988,0.013283856792707098,0.16131645592360305,0.3988862959566114,0.812133735103165,0.5530364650032569,0.7253931361367397,0.023511221290753392,0.6513725345446867,0.5683277283031254,0.2931868598425516,0.045025911709580466,0.5929008674926963,0.34801479143795305,0.09915365979935103,0.27097653390004534,0.00924527488645611,0.15030722201762237,0.23778289104592185,0.34709627391058223
dqcnf6cj,0.014312532880419733,0.04502366409054249,0.03720061342228918,0.010962627425172273,0.08097857854912095,0.6241499976017154,0.1550266865038071,0.04358188572046639,0.03379762919455321,0.02307564753522727,2.513193803254021e-23,0.040167040301615886,0.16376230633326805,0.03341653822061879,0.040545844381509245,0.0012783988888612028,0.07610789493607266,0.01466265069489648,0.0415985547515742,0.022029298156953474,0.8807597603818453,0.058044237367053296,1.0,0.044390737748829574,0.06622039899608516,0.3266306072465702,0.08345276772259666,0.6272282745679109,0.028232844013506977,0.0025118126736170246,0.6622623181408235,0.0011916834841036563,0.012003252849089454,0.2712633137943554,0.061744393172025715,0.0997452352437722,0.03349732819463763,0.02194202804672097,0.1566663220806863,0.04827682030609032,0.04261470649282926,0.47424833658856724,0.052653741487604856,0.013608572096747712,0.02692402127704127,0.05567120980144511,0.12563872704070025,0.14045373762462388,0.12963414749130486,0.03226118076049279
dqcncfq5,0.2184742862384337,0.71910975228915,0.43974195941093436,0.21985048794224293,0.25267725097862564,0.026384511698548725,0.1484032998505473,0.2357299029739908,0.29169102820086285,0.34485588225759656,1.2975656241789653e-22,0.3471190649493986,0.37582101559597253,0.58285856060604,0.04113405610937415,0.036332171621850325,0.6354493561785648,0.15081881448084544,0.4170470186930855,0.1199446603947026,0.03354375075656435,0.8115954949443379,0.044390737748829574,1.0,0.11098620737507091,0.23151393597159595,0.6369775666810468,0.032896476502642776,0.6958965507208428,0.027294359882406197,0.06039741446256573,0.03750558291710318,0.22043176327272485,0.3782476960701817,0.5361932980412031,0.5297493252044411,0.40822054421246556,0.040149863655173104,0.7439547420116479,0.6689508858304991,0.22965095255139067,0.03318076408987653,0.3712751238995882,0.517836393010601,0.14328171454698216,0.4785312165669235,0.008416694373265421,0.15166915265678538,0.340926598509017,0.27082289418871613
dqcne4gy,0.0014144609392237391,0.0312288013379014,0.017696092438273938,0.05434000407472322,0.04197463160979243,0.01008627100671792,0.011641619941819064,0.0447628579715653,0.0065804297463023,0.010214482023135647,7.16225956604539e-18,0.009985943882680662,0.022923602767701355,0.0456374463545442,0.0005762586517251309,0.0002201440877327434,0.05789356601408574,0.17523072017609445,0.08373154041182637,0.03810718010657846,0.06165250906005589,0.0770531696294052,0.06622039899608516,0.11098620737507091,1.0,0.37815687693404343,0.23974489481050584,0.024596524101066757,0.034563470987742304,8.557040484895282e-05,0.05422493230402385,0.00024002767672860796,0.006727433878621037,0.05026742426329599,0.06149667164825655,0.03778326651079124,0.022574676928482612,0.0007063864852851528,0.10586830222430765,0.17080448357445868,0.0503232647628119,0.016948311049432004,0.021108042096904513,0.024103422058358772,0.7259932126378186,0.08350844993780246,0.0009538849810586191,0.014376316267686201,0.11880750209152856,0.2392623058608057
dqcng06w,0.024589044464542242,0.11643520094084865,0.09601815124879,0.1778561402837468,0.06214943840221078,0.1172800776074491,0.07858311907803572,0.3598201784510066,0.1163841319367018,0.08663213769235953,3.156532848668441e-21,0.128204422068203,0.2591871644009301,0.23148363457876595,0.01606308821709199,0.004495146386609547,0.13159217749467797,0.3002919135002349,0.37530118178537997,0.27509241424576536,0.26033247075280896,0.22253734000469583,0.3266306072465702,0.23151393597159595,0.37815687693404343,1.0,0.4024720322856649,0.09921490087681745,0.07358367805546091,0.005149361872216083,0.18826500432738094,0.004322124056177267,0.045145669735972956,0.18042536397882172,0.2574075127086869,0.13043557703725514,0.07134861429251561,0.01084857909849119,0.3678873223460587,0.43779086125196703,0.37714649144026596,0.07491434908623519,0.17194874208941419,0.0456342642442177,0.34791761496530893,0.17590864029471193,0.013465953157553825,0.09787637857212368,0.15110163007256427,0.3933603040592397
dqcnf3uz,0.10238330395996635,0.26208693470742556,0.16390572979220322,0.4149862728830258,0.25062687043443765,0.04413621225268837,0.10086545918355388,0.17571111660755048,0.1845949236978783,0.22358280391180813,6.605857362585424e-22,0.1847528157522868,0.2525941005306447,0.606204683879992,0.03856520697124872,0.04849858133030282,0.47588943152233015,0.19373815396405974,0.3586714661626684,0.12648884951876632,0.04878864727997314,0.34437454563395675,0.08345276772259666,0.6369775666810468,0.23974489481050584,0.4024720322856649,1.0,0.03329472008771743,0.2540397730788054,0.020786811350677312,0.13425111554585425,0.0517958010758635,0.14245935963770376,0.2948377324024859,0.21301564346133142,0.2825476525657404,0.10101239443076067,0.049301450383503954,0.654732476502005,0.5585274499894418,0.17469274815194705,0.04279599688278229,0.13835498909297467,0.2787711723690287,0.25878806768477236,0.6399888340194331,0.011056931421663523,0.1290833839640555,0.4144000878130366,0.1831275513701782
dqcnc6tb,0.012277636988507784,0.05914500986504341,0.04388093406677462,0.0016449739060322016,0.12816037148221898,0.47351690392328644,0.22266006780319025,0.01208507386631553,0.014727519188316362,0.011594840737077691,1.4154175369593652e-23,0.02371778394082253,0.10645527783464595,0.011363187301427297,0.030428473308541683,0.0003694385386220734,0.0811101405597106,0.003068173565563681,0.012113454210902055,0.004103442141503102,0.6950185636264414,0.05714189495689335,0.6272282745679109,0.032896476502642776,0.024596524101066757,0.09921490087681745,0.03329472008771743,1.0,0.045205272924476854,0.0009192773360319394,0.5174843653078081,0.0003493186050740627,0.006416495789408809,0.35687261321136343,0.04860319128593799,0.12720641422562462,0.06543181000156258,0.015467386190994525,0.10807085940504028,0.01822897230277625,0.011260932962404826,0.6964690003103878,0.03881758382774752,0.015168125753120154,0.007790614505104033,0.03246126030420568,0.1338553668528506,0.11855959436928523,0.14311883341791146,0.012655358363808199
dqcnc7bc,0.23380210564661336,0.8318888301764459,0.3944149980941524,0.04711459576713333,0.2857040718247697,0.018970886878819617,0.15386425674802046,0.07289627561324208,0.15584056194240326,0.2595255115157024,4.229159747941484e-24,0.2010507003399484,0.25443710779633427,0.21503275979289224,0.047668334887085384,0.01687726471783018,0.6942694715471536,0.026481779306055345,0.16092895990098913,0.022781280952633237,0.027049345066413464,0.7251934823800548,0.028232844013506977,0.6958965507208428,0.034563470987742304,0.07358367805546091,0.2540397730788054,0.045205272924476854,1.0,0.016083014652464617,0.04204283423708642,0.017370592403032376,0.19406657414917702,0.4384331424701443,0.4443241102816099,0.7284225121389217,0.6100866069910638,0.045095136610102296,0.4671923590443532,0.2840760962086643,0.07035651199683478,0.03647861217896055,0.33255290424873424,0.6509646222121503,0.032605809449374024,0.221576733209982,0.013946786658789097,0.18616607204440638,0.271917927015612,0.10364558988254155
dqcp1z6r,0.4693188473447111,0.03305752365393226,0.02828493100693345,0.03644156089311692,0.005310820082312637,0.00850187342279875,0.017393468966932175,0.027498577626273567,0.36235021546612634,0.20137108527495015,1.4592988208036487e-32,0.15697730506238097,0.12934714062704147,0.12377996934520599,0.2962137817716788,0.5316304002423734,0.03214265876891134,0.0012636106635553579,0.03622782201151205,0.01219288364096799,0.0009739558468914146,0.019747730834975604,0.0025118126736170246,0.027294359882406197,8.557040484895282e-05,0.005149361872216083,0.020786811350677312,0.0009192773360319394,0.016083014652464617,1.0,0.003752026155927227,0.47194335767803186,0.10774032360830305,0.022329612211851993,0.018149239334676086,0.03391599509033914,0.006623378437374226,0.1897339584902209,0.046372489811604474,0.021195270328258072,0.02386219225183836,0.0016323968536423236,0.0474241733740917,0.02402731952016669,0.00015317351002225535,0.022526037151048357,0.010477245092956708,0.04509717046674587,0.004597077774177496,0.001321282971098781
dqcncdq7,0.022679396248166832,0.055786553021618675,0.048535894360774795,0.010742346970128124,0.2799103259682051,0.635825025480875,0.2816860011232265,0.01904339986017606,0.030853542399547813,0.020718566428996978,1.2222269357520032e-22,0.04166937984066958,0.14625187140880297,0.046216974382377964,0.0573759445211672,0.003563026495151411,0.13562595690957743,0.009897854832148502,0.021867591984271007,0.010939754115853255,0.43648969080438593,0.05395966741076988,0.6622623181408235,0.06039741446256573,0.05422493230402385,0.18826500432738094,0.13425111554585425,0.5174843653078081,0.04204283423708642,0.003752026155927227,1.0,0.0035997251221753937,0.010614650770268234,0.42852592602170114,0.03285572538365952,0.11734522309317981,0.03264906282367308,0.04449589980475259,0.2212749412144788,0.03454409026988955,0.017060657888812305,0.7039075168766068,0.024953608092063664,0.023914601148984926,0.022676665348134152,0.15207657234803823,0.11448070122003033,0.11631481831420173,0.35026577607604287,0.012681953242410218
dqcp1ys8,0.2722114884099695,0.02114495579275292,0.011773731023738148,0.09075528408417373,0.010752013033889321,0.0027994286749970384,0.007276996348206564,0.009621029304537381,0.14921886802606668,0.1824709542566228,1.849394124597594e-31,0.05619121238408733,0.047432641601806186,0.1525609457465767,0.16874552154983247,0.9936328482548353,0.055602579380811756,0.0012598524188921544,0.02966601506907924,0.0049839264557146636,0.0003728261308972805,0.013283856792707098,0.0011916834841036563,0.03750558291710318,0.00024002767672860796,0.004322124056177267,0.0517958010758635,0.0003493186050740627,0.017370592403032376,0.47194335767803186,0.0035997251221753937,1.0,0.13060820174319424,0.018311849382035252,0.00785668266090539,0.031183723554550763,0.0026527412546241457,0.2426650273212874,0.04507667593445454,0.023492834570798198,0.008770190612254515,0.0008015150737566048,0.015303936015907635,0.05406834297530531,0.0003620382036375494,0.04681650341883655,0.005786937924963029,0.03586024821702714,0.009362141138963992,0.0008873493564985487
dqcp4kgx,0.31608144346454337,0.15555421744354994,0.038876824280237546,0.19654076881824029,0.022400789002119066,0.006252345993779434,0.011993648257224623,0.06180203412255989,0.21885192893821145,0.8768751351078837,1.9418375818491476e-30,0.08688896608827801,0.13572606314169475,0.19268785091596702,0.18911845918650272,0.13668918756839799,0.3143235046793605,0.006564363796831639,0.3149740753182314,0.014971721291218458,0.010107157812553785,0.16131645592360305,0.012003252849089454,0.22043176327272485,0.006727433878621037,0.045145669735972956,0.14245935963770376,0.006416495789408809,0.19406657414917702,0.10774032360830305,0.010614650770268234,0.13060820174319424,1.0,0.08710186962399115,0.19524667510816088,0.36109076815163277,0.046411248611425336,0.2271704913545064,0.13512224297281294,0.2397023790473684,0.07152893327080452,0.0031379859770906387,0.30011722016124703,0.4545748000270848,0.005211371506959091,0.040646165424392096,0.04358839848070294,0.4340878987981555,0.024117954480588812,0.03657981940465903
dqcnc78q,0.19950455212337662,0.49180309060941185,0.34383902462382754,0.031398723331047776,0.6231674538131923,0.2774046570003332,0.5768027868244564,0.06759948018212722,0.16400107641347964,0.1484135191687991,1.407649762753244e-23,0.2249001848700115,0.45986891697732596,0.18710870218855016,0.14654880431316986,0.018192924702971885,0.6141049419324704,0.022564679344393546,0.09521959426045977,0.02692228284903128,0.21250521127925998,0.3988862959566114,0.2712633137943554,0.3782476960701817,0.05026742426329599,0.18042536397882172,0.2948377324024859,0.35687261321136343,0.4384331424701443,0.022329612211851993,0.42852592602170114,0.018311849382035252,0.08710186962399115,1.0,0.23576390782782577,0.6285609955623421,0.336051133231015,0.11297163752841827,0.6524655164602062,0.15697237642629566,0.060697026976159286,0.401873059083538,0.19330112929788731,0.23845127830989615,0.03213670799437386,0.35348435090863317,0.10064449242988027,0.3110996666013336,0.6094418081102917,0.05209644349465451
dqcnf794,0.1493771240849959,0.601638378789383,0.3738876699564678,0.09920618512152145,0.058285914591665294,0.028655422071928997,0.09681965517002014,0.4372425472405751,0.3051306320152774,0.31564322057005534,4.7690880866111766e-24,0.34257762558821747,0.439136791271268,0.27216178111946787,0.032144561350658,0.008513873462591236,0.2798464332137741,0.1179889253225338,0.5367369283435026,0.1666645877519245,0.06872261061800511,0.812133735103165,0.061744393172025715,0.5361932980412031,0.06149667164825655,0.2574075127086869,0.21301564346133142,0.04860319128593799,0.4443241102816099,0.018149239334676086,0.03285572538365952,0.00785668266090539,0.19524667510816088,0.23576390782782577,1.0,0.436750650732945,0.5199624827068081,0.01759457943667486,0.41733660372611037,0.6062386024918509,0.45346329297344123,0.025133226628045527,0.8609835899587557,0.2214081725536541,0.07519194924737684,0.10829747713390604,0.010812081234924742,0.1757513463956874,0.08974969207816261,0.4761245677213091
dqcncwc5,0.3168703723679897,0.619753437337535,0.24575705305821124,0.06499610745535322,0.27651551947223224,0.0648841237427991,0.17555803260094524,0.08039802300657349,0.2068247162255686,0.43024466200848777,5.817269004348387e-26,0.19061238701022024,0.36506519320655195,0.21148148752557144,0.17662040394836928,0.03145269968557272,0.8399526649946677,0.01678760578545684,0.21389678286274724,0.02162116936104062,0.0969684347458391,0.5530364650032569,0.0997452352437722,0.5297493252044411,0.03778326651079124,0.13043557703725514,0.2825476525657404,0.12720641422562462,0.7284225121389217,0.03391599509033914,0.11734522309317981,0.031183723554550763,0.36109076815163277,0.6285609955623421,0.436750650732945,1.0,0.375299617491569,0.16349251731625017,0.49451859651641705,0.2848744828386907,0.08160833503916755,0.08290627137467362,0.4239534960350197,0.6364051165757598,0.02364489221128323,0.18030937877770473,0.09839827447912393,0.575481200094876,0.26368144794699644,0.08392005039764264
dqcnc0y3,0.11762606273095373,0.7905477388940515,0.6609027433486689,0.01276691891361969,0.15330888874008655,0.02733385897708911,0.25004160445971735,0.1143703174972093,0.13468434958279354,0.09057093542725912,1.6001524893419168e-22,0.2702001581213088,0.3037692798303755,0.11812894306812742,0.016566313247091347,0.0027471583344626815,0.2538033558522469,0.03810608657336654,0.10054697448875881,0.04140169021626742,0.03689295805324266,0.7253931361367397,0.03349732819463763,0.40822054421246556,0.022574676928482612,0.07134861429251561,0.10101239443076067,0.06543181000156258,0.6100866069910638,0.006623378437374226,0.03264906282367308,0.0026527412546241457,0.046411248611425336,0.336051133231015,0.5199624827068081,0.375299617491569,1.0,0.008368421060158338,0.3605013928181907,0.18070134652216957,0.10244930805723852,0.0526333684981385,0.3603995255203635,0.16621422742471786,0.0282170691577304,0.1253891736632043,0.005078413491719994,0.06795463500402668,0.16478936554487983,0.1391032616361186
dqcp1rzr,0.29571172330327566,0.04020607596671205,0.013361799120449746,0.025673276794301363,0.04394284172989206,0.03548389909965618,0.028116232795717313,0.00571020412069023,0.09297870816663413,0.23306061238937126,1.9341356205213931e-32,0.03617695917340511,0.08541168185547961,0.05770004173654564,0.7904553713513732,0.2491346107822064,0.17644352595989957,0.0003539607079257481,0.025491203098612976,0.0014132308205138373,0.012003618625421143,0.023511221290753392,0.02194202804672097,0.040149863655173104,0.0007063864852851528,0.01084857909849119,0.049301450383503954,0.015467386190994525,0.045095136610102296,0.1897339584902209,0.04449589980475259,0.2426650273212874,0.2271704913545064,0.11297163752841827,0.01759457943667486,0.16349251731625017,0.008368421060158338,1.0,0.06939973502749168,0.02033395811293694,0.005626239542542694,0.016438721440332107,0.03630890151305479,0.11578655355946522,0.00032602422257013215,0.03317690114513052,0.2674131069683757,0.36941047688872636,0.02969946167089594,0.001083729459941661
dqcncf6c,0.25848311211190905,0.6351019808188841,0.5552523381751479,0.16260302491360487,0.4065447871607752,0.14067723601251106,0.4162686675634573,0.27527314404388575,0.3958573431936183,0.26464653457590187,2.457947961370674e-22,0.5158464269946097,0.6655831716155733,0.6146569540632825,0.0895642404748664,0.04477650679994372,0.5762642857117322,0.1501021727769109,0.3138274402371191,0.16570744114512864,0.10234000808750131,0.6513725345446867,0.1566663220806863,0.7439547420116479,0.10586830222430765,0.3678873223460587,0.654732476502005,0.10807085940504028,0.4671923590443532,0.046372489811604474,0.2212749412144788,0.04507667593445454,0.13512224297281294,0.6524655164602062,0.41733660372611037,0.49451859651641705,0.3605013928181907,0.06939973502749168,1.0,0.4779549765149809,0.24963259481912045,0.14353938812340528,0.31650824688649815,0.27528666932038987,0.12340562365941463,0.6841926694790065,0.024129076026498227,0.19046567731823272,0.5420089479026161,0.1830220117945551
