P_no_link,P_bonding,P_bridging
0.49358571321422,0.012834342905947125,0.49357994387983295
0.49671688231457994,0.006611764922421724,0.4966713527629983
0.4991301387583879,0.001739987133947313,0.49912987410766463
0.49906909692092233,0.001861801646064629,0.4990691014330131
0.4599956681592379,0.0800309926931789,0.45997333914758315
0.4913057653902136,0.017388936888262027,0.4913052977215243
0.49109673864486303,0.017998985269831128,0.4909042760853058
0.4921734927450062,0.015653598262250143,0.4921729089927437
0.49386513723375824,0.012270238145774822,0.49386462462046704
0.4999999952780295,4.999999952780292e-09,0.4999999997219704
0.4772414668719423,0.045518489362827104,0.47724004376523055
0.44933861314524615,0.1014016502369057,0.44925973661784824
0.4730552715738636,0.05389868278020114,0.47304604564593533
0.4476410690732881,0.1047219467365881,0.44763698419012377
0.4952092370492311,0.009581600858394695,0.49520916209237426
0.40322926473818893,0.19424517906331615,0.40252555619849484
0.49977077195347963,0.00045893322506413147,0.4997702948214563
0.48637030528183495,0.030136561376145884,0.4834931333420192
0.4981023934460765,0.0038049937180700036,0.4980926128358535
0.45914748772048575,0.08187130896766082,0.45898120331185344
0.4768928682747221,0.046245401051165515,0.4768617306741124
0.4981877250962777,0.0036245576465242764,0.498187717257198
0.4814084757291124,0.037183679452799066,0.4814078448180885
0.49997730796783035,4.53925180634439e-05,0.4999772995141062
0.4985538516380878,0.0028941731418336354,0.49855197522007855
0.49834997162729733,0.0033002871152555515,0.4983497412574473
0.4882480617440779,0.023504398514633422,0.48824753974128876
0.4937005081346416,0.012599523864095892,0.49369996800126253
0.4983588552781294,0.0032822861423965942,0.49835885857947393
0.4901116675229473,0.01977698333032897,0.4901113491467237
0.4883051571180578,0.023443759426443483,0.4882510834554988
0.4462937355304366,0.10745836984132502,0.44624789462823833
0.40446150149663374,0.19494903648361006,0.4005894620197562
0.4979622142937836,0.004075573689720217,0.4979622120164961
0.48967786213285497,0.020648643912288107,0.4896734939548569
0.4990078831693545,0.0019842586482388905,0.4990078581824066
0.49484218345963576,0.010315630212111114,0.4948421863282533
0.469650479392021,0.06078871149761936,0.46956080911035963
0.4978632759045343,0.004273744130313461,0.4978629799651524
0.499074345110938,0.0018534445985340232,0.49907221029052795
0.48986338382034217,0.02028903053316067,0.48984758564649716
0.4463683828051826,0.10735488175908396,0.4462767354357335
0.45264718957439315,0.09470601045225624,0.45264679997335067
0.5000284309882248,6.421983220261645e-05,0.49990734917957247
0.497198578376266,0.005602864016930515,0.4971985576068035
0.457279209960975,0.08552220052995783,0.4571985895090671
0.48831854895683546,0.023380582526718083,0.4883008685164464
0.4719629824404729,0.06880452169451967,0.45923249586500736
0.49918343627586265,0.0018001589553351906,0.49901640476880227
0.49872169488639245,0.0025566438905363768,0.4987216612230711
0.4216310281180906,0.1648875685877667,0.41348140329414274
0.4980474942577734,0.0039051138210410103,0.4980473919211855
0.4530377878937754,0.09396205732274487,0.45300015478347977
0.49094507393518905,0.018144651153075654,0.4909102749117352
0.49738052989166576,0.005238948569037476,0.4973805215392968
0.49879066563752883,0.0024193425826980444,0.49878999177977323
0.4949611229095832,0.010077780134841459,0.4949610969555754
0.49971367190369304,0.0005726697256448268,0.49971365837066223
0.48537524909261387,0.029395648984682766,0.48522910192270347
0.4882692152463503,0.023461777743984044,0.4882690070096657
0.4988108568490444,0.002386960202703166,0.49880218294825257
0.49806847768169915,0.003863051258998872,0.4980684710593021
0.4961023418670136,0.007795325793067307,0.49610233233991924
0.49830487643436,0.003390297989043967,0.498304825576596
0.41067368918513647,0.17938281405970108,0.40994349675516245
0.4993783022540263,0.0012435700898337937,0.49937812765614
0.48484163511117356,0.030414882574892707,0.48474348231393355
0.49565712826261893,0.008706420741811225,0.49563645099556985
0.48936091903940027,0.02127948448714393,0.4893595964734558
0.4738791795906548,0.05230795010728943,0.47381287030205577
0.48512527261565697,0.02983931771311233,0.4850354096712308
0.4874869154913517,0.02504234639883889,0.48747073810980945
0.4953853522956563,0.009232080414177219,0.49538256729016655
0.48320848549483286,0.033592906478880386,0.4831986080262868
0.49887339205204917,0.002278766073733195,0.49884784187421766
0.3707385052749194,0.27605318070169593,0.3532083140233846
0.49816684380925486,0.0036663759211218003,0.4981667802696233
0.49612424926477605,0.007780695112304836,0.4960950556229192
0.4691093153807666,0.06194290946070091,0.4689477751585325
0.4903260169760873,0.019348057184255044,0.49032592583965773
0.4940947488920362,0.011816992600390267,0.4940882585075734
0.48627485909025164,0.0275772713647106,0.48614786954503786
0.38134777316428875,0.2397817379136606,0.37887048892205055
0.5000688316170135,2.177971581834658e-05,0.49990938866716805
0.4862481384379849,0.027583273087845153,0.48616858847417
0.4936165486906778,0.012783605203089141,0.49359984610623314
0.4960864932786617,0.007827083405395969,0.4960864233159424
0.49855635925636854,0.002887285949398629,0.49855635479423277
0.4903549730657533,0.01929477701015416,0.49035024992409254
0.48837967616767836,0.02324204810826838,0.48837827572405323
0.48232108429909415,0.035358814844314655,0.48232010085659105
0.4936798212140486,0.012648146716571737,0.49367203206937976
0.49087854247787305,0.018242932473072456,0.49087852504905455
0.46357788645563713,0.07292690160442993,0.4634952119399329
0.421530557630563,0.16099053780846276,0.41747890456097425
0.49837996392593026,0.003343091974296411,0.49827694409977336
0.4917662050618665,0.01652565971731717,0.49170813522081613
0.48020821994258783,0.03958357766648496,0.48020820239092715
0.4961305022323206,0.007747474586803688,0.4961220231808756
0.490040568856804,0.019952733990333454,0.49000669715286255
0.49611192885674754,0.00777962654638468,0.49610844459686787
0.4934695107277292,0.01309962836114113,0.49343086091112975
0.49809477045727674,0.003901087734717946,0.49800414180800545
0.49288969675604843,0.014224580748236366,0.4928857224957151
0.4941491967621336,0.011701655336296295,0.4941491479015701
0.45057459678452455,0.09979993884128384,0.44962546437419165
0.4804634327690308,0.03907340168074601,0.4804631655502233
0.49920874239120183,0.001585558286076469,0.4992056993227217
0.4999348534090185,0.00013029041458417315,0.4999348561763975
0.49252571256999644,0.014971589315230327,0.49250269811477326
0.41549124579223795,0.1697553942264071,0.4147533599813551
0.4999886668608042,2.4745334912368557e-05,0.49998658780428346
0.45298546414355606,0.09459729941092743,0.4524172364455164
0.49553808353136963,0.008923908258757912,0.4955380082098724
0.49551906318016364,0.008966848362182882,0.49551408845765343
0.4613294641059101,0.08429996744087831,0.45437056845321167
0.4858485741162162,0.028818194675707027,0.48533323120807675
0.4579420497513315,0.09417252443164556,0.447885425817023
0.44091358344437165,0.11817934352281714,0.44090707303281107
0.47870510432558355,0.042590599926155145,0.4787042957482612
0.49679875113481314,0.006403874869928739,0.496797373995258
0.4502712856498757,0.09946136378392238,0.4502673505662018
0.4872606317787532,0.025478756213039157,0.4872606120082077
0.49299023904819816,0.014040682473866238,0.4929690784779356
0.49401346717337563,0.011990603056882926,0.4939959297697414
0.4935455556587825,0.012913509703558205,0.49354093463765936
0.49107242386111666,0.017879115069028957,0.4910484610698544
0.4343254198985995,0.13140520599850658,0.43426937410289385
0.4999592320906603,0.00011305185534059524,0.4999277160539992
0.4983940048358473,0.0032119872190263256,0.4983940079451264
0.48913579209353897,0.021740007339958844,0.4891242005665022
0.4798943993931665,0.04056614222219669,0.4795394583846367
0.4951952013242981,0.00960959785812875,0.4951952008175732
0.49449482423292596,0.01101082377565979,0.49449435199141417
0.4743353625518819,0.05151009136344283,0.4741545460846753
0.4997219106704519,0.0005588150625725109,0.49971927426697565
0.4751969385625684,0.049611473945170535,0.47519158749226115
0.499494682232279,0.0010106307745703803,0.49949468699315064
0.4984226028767469,0.0033244422721226104,0.49825295485113047
0.4999299622322916,0.00014010674002160094,0.4999299310276868
0.49920827027367237,0.0015834560131691236,0.49920827371315846
0.4983682689275642,0.0032637723956823366,0.4983679586767535
0.49999399626515917,1.2015696233889729e-05,0.49999398803860695
0.49742737822313354,0.005178276041279219,0.4973943457355872
0.4996924303149304,0.0006158301153272797,0.4996917395697424
0.5000000037703741,5.000909112111964e-09,0.49999999122871686
0.4874705172300806,0.02513003133451301,0.48739945143540625
0.4601259707748987,0.07974985622938406,0.46012417299571734
0.49784716126792045,0.004320440763581811,0.4978323979684978
0.43822325257005934,0.12372970469373451,0.43804704273620615
0.4951198465273757,0.009772929785294515,0.49510722368732984
0.49508135892386546,0.009837826966242049,0.4950808141098926
0.4924526966430989,0.015095576243253037,0.4924517271136482
0.4968689393287556,0.0062621900636977736,0.4968688706075466
0.499056716713441,0.0018865621235368475,0.49905672116302213
0.4879110657826776,0.024326769698867542,0.48776216451845467
0.3959000521536758,0.20887230784386002,0.3952276400024642
0.4875520052503787,0.024932370116142903,0.4875156246334784
0.49896284292856347,0.002196146292407238,0.49884101077902937
0.49970743850475624,0.0005851237346120603,0.4997074377606318
0.4503939810746048,0.09923200105644302,0.45037401786895226
0.49552411138004965,0.00895177719181624,0.4955241114281341
0.49949909412249655,0.0010957860949735818,0.4994051197825298
0.4785424141780668,0.04291550476108867,0.4785420810608446
0.49591016709317914,0.008443667874561472,0.4956461650322593
0.4964991607107615,0.007051985668573716,0.4964488536206647
0.49771327084520195,0.0045734653164544725,0.49771326383834347
0.3762616689439299,0.2696381610605396,0.3541001699955306
0.49931464202105447,0.0013707428157138895,0.4993146151632315
0.49945245900341845,0.0010969396579079743,0.49945060133867347
0.4962877554729136,0.007424499024536813,0.49628774550254967
0.49906987766293326,0.0018788158794755848,0.4990513064575913
0.5003860111435,0.000259546365271694,0.49935444249122823
0.4971428802947785,0.005714473490146256,0.4971426462150752
0.49411659931541974,0.011766822715482878,0.49411657796909736
0.47366834533353314,0.052663740216943894,0.47366791444952294
0.49999954676227626,9.198410703751627e-07,0.49999953339665326
0.49653920222482006,0.00698859428171788,0.4964722034934621
0.497839808411195,0.004320388680159414,0.4978398029086456
0.48726524024269374,0.02548248801848964,0.4872522717388165
0.48700122033315674,0.025997695640155652,0.4870010840266876
0.5013634845966697,0.014583789078924306,0.484052726324406
0.49889282443965793,0.0022145100710133747,0.4988926654893288
0.35665537548789367,0.29114365762335775,0.35220096688874863
0.4949973160509371,0.01000538218165692,0.4949973017674059
0.48051399397065525,0.039372014848978884,0.4801139911803659
0.48683663941576466,0.026326748016261985,0.4868366125679734
0.496787521356406,0.00644937349945284,0.49676310514414107
0.4681907513744313,0.06372331751001119,0.4680859311155574
0.4392476747951769,0.12159998251502759,0.43915234268979547
0.49374920680710643,0.012938677020432124,0.4933121161724614
0.39144501850787683,0.22135788729805062,0.38719709419407244
0.49871606458233675,0.0025678789798869945,0.49871605643777617
0.4997693745417159,0.0004612568656579225,0.4997693685926262
0.49435934115848224,0.011281317153260067,0.49435934168825774
0.4920672033818851,0.01588214461438057,0.49205065200373427
0.4773092496892164,0.045442118964989,0.47724863134579465
0.4990424304731377,0.0019151766663892135,0.4990423928604732
0.46352496968009477,0.07325756715764849,0.46321746316225665
0.3622546055730773,0.27716229104811846,0.3605831033788042
0.48598853477844867,0.028046642248689246,0.4859648229728621
0.4651598326457721,0.0696803441992877,0.4651598231549401
0.44422745523778506,0.11154939047697511,0.4442231542852399
0.48177701470282946,0.03644605502500073,0.48177693027216983
0.4716544589650641,0.05685203849664088,0.471493502538295
0.41380675004118544,0.17246564648655371,0.4137276034722609
0.47268959854566256,0.054671625125658846,0.47263877632867857
0.49999999542421236,4.999999954242116e-09,0.49999999957578756
0.4740333544953404,0.051933436145595695,0.4740332093590638
0.4385769182483344,0.12286245368508038,0.43856062806658525
0.4516867228420833,0.09662914699598986,0.45168413016192693
0.49407843992659417,0.011843636807662138,0.49407792326574385
0.49116131916429584,0.01768618208376028,0.49115249875194383
0.49268176867059427,0.014636911977434094,0.4926813193519717
0.49760348630496787,0.004793060989158149,0.497603452705874
0.47707464406865807,0.046477058329605254,0.4764482976017366
0.49215424115443596,0.015692509319733063,0.4921532495258311
0.49454162799147233,0.010916827068266279,0.4945415449402615
0.4505770398102552,0.09885159525740041,0.45057136493234434
0.4906366803988967,0.01872668595134209,0.49063663364976134
0.46579036989528677,0.06841930468733869,0.4657903254173746
0.49668555650446944,0.006629937745712681,0.49668450574981776
0.4797318857912198,0.0405436705542782,0.47972444365450195
0.44290088899339414,0.1142152502371135,0.4428838607694924
0.4989549442252107,0.0020901068088599625,0.4989549489659293
0.34591746083295627,0.30872807731571766,0.3453544618513261
0.4978916572061987,0.004216869752126245,0.497891473041675
0.4303915337536948,0.13921801791925476,0.43039044832705053
0.5055252007481699,0.08458166538761938,0.40989313386421083
0.48629354157632965,0.027425969610700564,0.48628048881296987
0.4838877753731942,0.03223788594678146,0.4838743386800244
0.49080466065640893,0.018390703449528385,0.4908046358940628
0.35797756066599085,0.29700069388226974,0.3450217454517395
0.46631348019521274,0.0673751523134719,0.4663113674913155
0.4925296763792197,0.014940738828076122,0.49252958479270414
0.4309965668513507,0.13802281006359557,0.4309806230850538
0.4866677500125725,0.026665733853456084,0.48666651613397144
0.4582240117891432,0.08669971153257734,0.45507627667827943
0.39231083160294306,0.21542631229091083,0.39226285610614603
0.4351963742588495,0.13053906524886727,0.4342645604922831
0.46975651675054125,0.06048705657332403,0.46975642667613476
0.49305805193625635,0.02309712963767775,0.48384481842606597
0.49311197895296943,0.013776041951875087,0.4931119790951554
0.4672986471823363,0.06692339682056991,0.4657779559970939
0.4364070170938774,0.13206679708426441,0.4315261858218581
0.4875698063159389,0.024863613123728538,0.48756658056033264
0.4760681417662174,0.04850679036786748,0.4754250678659151
0.4535074866702279,0.09298766255290668,0.4535048507768654
0.4880453267803793,0.02391412323729518,0.4880405499823255
0.4456569672374074,0.10869362840658406,0.4456494043560085
0.4888785436557907,0.022247220768638696,0.4888742355755706
0.3637111533531762,0.274783511946896,0.36150533469992785
0.46779109638078725,0.0644188943879687,0.4677900092312441
0.4998131134215042,0.0003737683288860671,0.4998131182496097
0.4925364537734928,0.014927093481601624,0.49253645274490543
0.4972410115505777,0.005518048312804707,0.4972409401366177
0.3706901924104411,0.25904361322951425,0.37026619436004476
0.490487086314992,0.019025856400359628,0.4904870572846484
0.48344126033300405,0.03315224588807141,0.4834064937789246
0.4866129048002667,0.026774230347478476,0.4866128648522549
0.4882652142248135,0.023471085345303566,0.4882637004298829
0.4612771687671693,0.07744986231671629,0.46127296891611436
0.48013426013436566,0.047339857279681985,0.4725258825859522
0.4828601771166552,0.03429459777334449,0.4828452251100004
0.3492052042045293,0.3107557933071532,0.34003900248831753
0.39606798597963966,0.228792258469643,0.3751397555507173
0.47447849074990606,0.05118686955893931,0.4743346396911546
0.49623844480523593,0.00752313780937057,0.4962384173853934
0.4077712504225725,0.18726592785311563,0.4049628217243119
0.4699809134361804,0.06181154456346341,0.46820754200035614
0.3328066921095542,0.3407917446771091,0.32640156321333663
0.4558998917821098,0.08820195716275821,0.455898151055132
0.48133957159698226,0.03956149268031578,0.47909893572270196
0.4983093429838821,0.003511334682281341,0.4981793223338365
0.47671325240445606,0.04657621476127601,0.47671053283426784
0.415885791595251,0.1703218746910598,0.4137923337136892
0.41602466228312723,0.1686224666120908,0.4153528711047821
0.4928281967709175,0.01434362283699178,0.4928281803920907
0.36144151231462623,0.27747566172129695,0.36108282596407676
0.43367342707487366,0.14437848906400194,0.4219480838611244
0.4973510131115601,0.0053411163083910305,0.4973078705800488
0.5111127012319409,0.00542782953717301,0.48345946923088623
0.4482215270849026,0.15709914660236618,0.3946793263127311
0.33502439139404894,0.36118640744212177,0.3037892011638294
0.43019724780448754,0.13961086944980564,0.4301918827457067
0.4807829658849867,0.03843467951687475,0.48078235459813856
0.46860375160626055,0.06328051175692927,0.4681157366368101
0.49878572002688565,0.002428555653398169,0.4987857243197162
0.48743426548960633,0.025131686714044876,0.4874340477963487
0.37997942774458243,0.24053423949462405,0.3794863327607934
0.4859799530566529,0.02804009085883315,0.48597995608451383
0.4716554238903597,0.057154134214884585,0.4711904418947557
0.4876735262530796,0.02465519133739006,0.48767128240953045
0.4606642687220487,0.08338283144107272,0.45595289983687853
0.387254632046183,0.23356719144841842,0.3791781765053986
0.4905975664074644,0.01880486445025783,0.49059756914227776
0.41364994511952047,0.19947648668187867,0.38687356819860075
0.4808353763255919,0.03833629151712081,0.4808283321572872
0.4342157093660624,0.13183478692377956,0.43394950371015806
0.3484846225355421,0.37926878577504236,0.2722465916894157
0.37032470708752113,0.27022123996641867,0.3594540529460602
0.38222304986902206,0.23580945669121506,0.38196749343976283
0.4513942078486703,0.09721624106619363,0.45138955108513606
0.4126429800960346,0.17487473650060545,0.4124822834033601
0.48417875078685874,0.031642552140201965,0.4841786970729392
0.496298073428075,0.007404414902841574,0.49629751166908337
0.49407780284955244,0.011844558689590008,0.49407763846085756
0.40286376917078687,0.19434288835715535,0.4027933424720578
0.4764872364655846,0.04725604267452269,0.4762567208598926
0.49955888186963776,0.0008826320369321929,0.49955848609343007
0.4063694486841487,0.18735872112163773,0.4062718301942136
0.4935378500821644,0.012924310811719924,0.4935378391061157
0.36798663995814596,0.26430618620381674,0.36770717383803725
0.48939722702426114,0.021209109209360078,0.4893936637663787
0.42157925884665204,0.16074723570785404,0.417673505445494
0.48724935059747304,0.02550634556812189,0.4872443038344051
0.4830030558410441,0.033995776285957006,0.4830011678729989
0.4534120546113017,0.09317951788125052,0.4534084275074479
0.4096705877876272,0.18075136494447874,0.40957804726789404
0.49879088858346976,0.0024182205252285933,0.4987908908913016
0.4941696313550268,0.011660788768637543,0.49416957987633586
0.3395888239316443,0.36644768794938365,0.29396348811897205
0.33598054899131835,0.3427448094785928,0.32127464153008894
0.39269838834942583,0.22936591563246864,0.37793569601810556
0.3592082153061409,0.2830606187508512,0.35773116594300797
0.4851925462412662,0.02963173230596544,0.4851757214527684
0.49574699559679763,0.014108197663694469,0.49014480673950794
0.4930774074023093,0.013845367026937104,0.49307722557075356
0.3960642001747448,0.24581623237765612,0.3581195674475991
0.42930477147420476,0.14145038385469677,0.4292448446710985
0.49864859162917374,0.002702842650420376,0.4986485657204059
0.48356564668470553,0.03288886547443657,0.4835454878408578
0.36173662571381066,0.2785943312051805,0.35966904308100867
0.4971918723992564,0.0056167647446440025,0.49719136285609955
0.4080079644209975,0.18400373128639014,0.4079883042926124
0.4856078315231903,0.028784339151919164,0.48560782932489055
0.47408358853058274,0.05250400823543886,0.4734124032339783
0.4985276589048385,0.0029478563057484986,0.4985244847894131
0.4840602462176447,0.03187961892940988,0.48406013485294547
0.4365684143355448,0.1268846233235556,0.4365469623408997
0.4986066557806046,0.0027877157763882662,0.4986056284430071
0.3573297707488865,0.287119914244866,0.3555503150062474
0.4999673189397619,6.535749110603787e-05,0.49996732356913215
0.5000002567209246,2.3082856572104548e-08,0.4999997201962188
0.35524990227920383,0.304050298055255,0.34069979966554115
0.49470416198975814,0.010592205288567804,0.4947036327216741
0.3717838428535845,0.2572592145841507,0.3709569425622648
0.4019056493727756,0.1977394289814391,0.4003549216457853
0.3580157534796666,0.31520878745292275,0.32677545906741057
0.4030262080096349,0.19398259722487002,0.40299119476549505
0.47441334300050647,0.05127325858379233,0.4743133984157012
0.4406230815546286,0.11875889626999328,0.4406180221753782
0.4866260795009636,0.026747880041401075,0.4866260404576354
0.49129728309742415,0.05384892421568929,0.4548537926868865
0.49757333792705116,0.004853858895769076,0.4975728031771798
0.4675774187355589,0.07114315384701174,0.46127942741742944
0.4920249903046693,0.015974153817973246,0.49200085587735753
0.4973183128645025,0.005363392884810146,0.4973182942506874
0.4992735256592492,0.0014529578389529335,0.49927351650179796
0.48356608161830217,0.03286785143635884,0.48356606694533893
0.43906907474641593,0.1282552806963813,0.43267564455720275
0.4999038398428061,0.00019231556046460642,0.4999038445967292
0.44399177899498116,0.1296720415763524,0.4263361794286665
0.3492358916217127,0.30548521559867275,0.3452788927796146
0.46785967827154895,0.06428159016298425,0.4678587315654668
0.49624601631791204,0.007535808379349164,0.4962181753027388
0.4910828939558558,0.017837037580470973,0.49108006846367325
0.4715619460421641,0.0570222192228008,0.47141583473503496
0.48565578768105677,0.028689969428941288,0.4856542428900019
0.491217882585144,0.08151723462643273,0.4272648827884234
0.4965531531711921,0.006974367746808171,0.4964724790819997
0.4321041145352306,0.13580803429323182,0.43208785117153764
0.49513577709169293,0.009728446566415541,0.49513577634189143
0.49923367232494753,0.0015326506243243728,0.49923367705072813
0.4999710769198491,5.7844645798238416e-05,0.4999710784343527
0.35642774410176803,0.2886601702474364,0.3549120856507955
0.4838925555863772,0.032214923393591575,0.48389252102003116
0.48640440443721233,0.08720141573756994,0.4263941798252176
0.49582113016902224,0.008358547705813995,0.4958203221251639
0.4964432854457851,0.007122054339525536,0.49643466021468935
0.483683887484487,0.032646523375495215,0.48366958914001773
0.49754901528211287,0.005046835127865853,0.49740414959002127
0.4925041998535932,0.01499159904429325,0.49250420110211357
0.34669609168708443,0.31124728158939813,0.3420566267235175
0.4932423331745238,0.013515336017409335,0.49324233080806684
0.3613816527350444,0.2785941656765792,0.36002418158837646
0.38256742273109834,0.2352380654379083,0.3821945118309933
0.4266654564100978,0.14668849075424556,0.42664605283565665
0.48343926804080073,0.037338900200512365,0.47922183175868693
0.49426911868114765,0.011464959865427685,0.4942659214534246
0.4714389611107076,0.0571230570103067,0.4714379818789858
0.4977614808291592,0.004477078406707786,0.4977614407641331
0.49128936040367,0.0174212746256115,0.4912893649707184
0.5065938473108811,0.05975881391132731,0.43364733877779144
0.35940319123329695,0.289660991467233,0.35093581729947004
0.46928879853186917,0.061425678278308665,0.4692855231898222
0.49431383502789544,0.01137247951603834,0.49431368545606613
0.48628599845374715,0.031209214966097097,0.48250478658015566
0.42237317020705595,0.1552565160768737,0.42237031371607026
0.4205114808328478,0.1596457572407612,0.41984276192639103
0.4441548980496649,0.11170259468436894,0.4441425072659663
0.4796886506407822,0.04067655684526259,0.4796347925139552
0.44780029827532597,0.10447156366323479,0.44772813806143924
0.47761742240989546,0.053109467673418016,0.4692731099166866
0.5000000868498532,5.000000868498541e-09,0.49999990815014594
0.4466737881195362,0.1066867382564228,0.44663947362404094
0.4315405342090584,0.13953354539941543,0.4289259203915262
0.4641087354733461,0.07178518327072227,0.4641060812559316
0.4950216774726827,0.01008562713960488,0.4948926953877124
0.49181392618667313,0.017834848469657476,0.4903512253436693
0.4898764807203329,0.020321995048412336,0.4898015242312547
0.4926599149278741,0.014688809238115502,0.4926512758340103
0.4854848338132842,0.030616910561952558,0.48389825562476324
0.4857263756708854,0.028774706304053956,0.4854989180250608
0.4916664734221458,0.0166813509877865,0.4916521755900677
0.4175061111490104,0.16581595734339405,0.4166779315075957
0.467755111169663,0.06449760901437321,0.46774727981596387
0.4332575991351718,0.13349557866398132,0.43324682220084676
0.48599639555593993,0.028163835403867736,0.4858397690401924
0.4676668046379391,0.06579654829250792,0.46653664706955306
0.41093215640038855,0.18061027138209276,0.40845757221751877
0.4958266638873899,0.008346706957533295,0.49582662915507675
0.38257412807202157,0.23489871402599297,0.3825271579019854
0.49679070000136133,0.006449926259114931,0.49675937373952367
0.37819049011573097,0.2437711351998607,0.3780383746844084
0.4918939491654638,0.024787549071974387,0.4833185017625618
0.4924235191616998,0.017331960027739058,0.4902445208105611
0.48738675174689755,0.025231770629257938,0.48738147762384465
0.46975917606100126,0.060486191223533686,0.4697546327154651
0.4116134601487574,0.17756135460959147,0.4108251852416511
0.398601222791869,0.20306350776372944,0.3983352694444015
0.4943970292134747,0.011229853345286358,0.49437311744123896
0.4122683091024319,0.17786663290718419,0.409865057990384
0.46916476960050774,0.06185968796238985,0.4689755424371025
0.4726435614162582,0.05494950079261887,0.4724069377911229
0.35493787735100363,0.2964663455291781,0.3485957771198182
0.4656352298648608,0.06877985114121582,0.4655849189939234
0.45493943239910645,0.0901363675274487,0.4549242000734449
0.49618202000857187,0.03508554827120552,0.46873243172022255
0.4693294618479936,0.061341756705241834,0.46932878144676465
0.48830687891957614,0.02425041609139797,0.48744270498902587
0.4715482287724927,0.06115470241805137,0.46729706880945593
0.485285329236916,0.029437147252809177,0.4852775235102749
0.47907720353343447,0.06095732948486934,0.45996546698169627
0.3806960265350562,0.23893541189564882,0.3803685615692949
0.48819001817116775,0.023823677331508985,0.4879863044973231
0.3907419855912043,0.2195627167167687,0.38969529769202704
0.4908059373990561,0.019452667457116473,0.48974139514382736
0.41347333245702145,0.28014951984862435,0.30637714769435415
0.4349217039987213,0.1303233142673917,0.43475498173388694
0.49932295160435936,0.0013541312751542483,0.49932291712048654
0.47191311291816423,0.056174673438876006,0.4719122136429597
0.49020035176440446,0.01961105736465043,0.490188590870945
0.3618159098543704,0.3011593150047482,0.3370247751408814
0.473131693453812,0.053743749438696885,0.47312455710749124
0.47497618206845815,0.05532166330222836,0.46970215462931336
0.4545130792741586,0.09098041107102613,0.45450650965481515
0.4863861272362846,0.02747836678924799,0.4861355059744675
0.416133592004047,0.16833759737404627,0.41552881062190666
0.4927327792215693,0.015117838089528586,0.4921493826889022
0.4737728478425705,0.05477149249721045,0.4714556596602191
0.3719296288547437,0.25676277392269387,0.37130759722256246
0.42669177984288476,0.15010078780587244,0.4232074323512429
0.4961759371749428,0.0314335535110029,0.47239050931405424
0.489595976012018,0.020812838045714387,0.4895911859422677
0.4385361453460707,0.12373392605125648,0.43772992860267274
0.5250189766454716,0.032534049420314695,0.4424469739342136
0.3636120560506759,0.27312175490681256,0.3632661890425114
0.4132023793168088,0.1738356574036563,0.4129619632795348
0.5161960645603277,0.02848021151513946,0.4553237239245328
0.4994720995125685,0.001096710963391022,0.49943118952404036
0.45145326853988116,0.09771642744823046,0.45083030401188834
0.5095229801025422,0.20943742012436942,0.28103959977308846
0.4530264500839774,0.13616661525559423,0.4108069346604283
0.4831890608478971,0.033625268124389915,0.48318567102771304
0.35512673740826595,0.3398847765911455,0.30498848600058864
0.5062439145465113,0.08782962698387978,0.40592645846960895
0.49917234402697813,0.001658595019745887,0.49916906095327596
0.496748773292715,0.007806842121623993,0.495444384585661
0.4753181821254382,0.06833091614448346,0.45635090173007836
0.364898727862587,0.272401032843562,0.3627002392938511
0.3884030180840461,0.22398156879238937,0.3876154131235645
0.44538245699682605,0.10935069280842602,0.44526685019474793
0.5135590371017456,0.04860087409935876,0.43784008879889574
0.4957210145556101,0.008558074958545254,0.49572091048584477
0.47527585604576944,0.049483720985220817,0.4752404229690098
0.38707468504927506,0.2935836113514105,0.31934170359931446
0.4662442424648533,0.06751192578625219,0.4662438317488945
0.4920046419614672,0.026801766489939934,0.4811935915485929
0.4854323711273839,0.029448786032299095,0.4851188428403171
0.46496481000631806,0.07092846789362232,0.4641067221000596
0.4271499423433747,0.15619537083218185,0.4166546868244435
0.47946899960297146,0.04106251817470066,0.47946848222232774
0.4434090369484382,0.11469952559288484,0.44189143745867693
0.47564973244358794,0.049805376633279747,0.4745448909231323
0.4361973020065375,0.16697453936745443,0.39682815862600795
0.3645621667943919,0.2759142004562051,0.35952363274940297
0.35313841195846646,0.30374265448298976,0.3431189335585437
0.37598812810074844,0.28540495490309115,0.3386069169961605
0.42698540253788453,0.14675998623442615,0.4262546112276894
0.41298901389304526,0.18672922592855712,0.40028176017839767
0.4640755795729903,0.07185809199801614,0.4640663284289936
0.48906492256171413,0.0219627338073793,0.4889723436309066
0.4678703328429052,0.06428333798734731,0.4678463291697475
0.3508862111204209,0.30693893571864794,0.3421748531609313
0.4901522455142268,0.022281454987420665,0.48756629949835245
0.4979633949053081,0.0041329363092342634,0.4979036687854576
0.40658578194650496,0.18807644546263458,0.4053377725908605
0.47616583480651287,0.04767075685702597,0.4761634083364611
0.3440042557087389,0.34853227995883235,0.3074634643324287
0.4858078358078184,0.028515221687106566,0.48567694250507504
0.42259462700282985,0.1549890668035452,0.42241630619362486
0.48487134292561085,0.030323220610665984,0.4848054364637231
0.48350832259441945,0.03329756031108315,0.4831941170944973
0.43409021742965903,0.13239569380789998,0.4335140887624411
0.38600057196475246,0.24139423291903037,0.3726051951162172
0.4978478603741783,0.004304717483684553,0.49784742214213723
0.4930975804898137,0.013818744032598753,0.49308367547758747
0.36809514590236453,0.2666742425302034,0.3652306115674321
0.3613506260088666,0.2795632428460469,0.3590861311450865
0.43661747968820797,0.12762001657937347,0.4357625037324186
0.39731476457646336,0.2918902678430804,0.31079496758045627
0.49134523678799785,0.020120602433798276,0.4885341607782039
0.49186313941979615,0.01653445388066192,0.49160240669954186
0.4847600749492885,0.030510228054601338,0.48472969699611024
0.43973275392674926,0.12289440404345858,0.43737284202979215
0.40543752552863915,0.19754508383000585,0.39701739064135516
0.4979736319995275,0.004057853354693594,0.4979685146457789
0.4863482007851996,0.03225268127607623,0.4813991179387242
0.39450126027047316,0.21245735909688573,0.39304138063264127
0.49029748843953447,0.019481963950558498,0.49022054760990713
0.39287737101247705,0.21735972453183044,0.3897629044556925
0.44196822107171896,0.1160650229776883,0.44196675595059276
0.47959206338933397,0.05330949652523027,0.46709844008543583
0.4969395380599153,0.006623247457535403,0.4964372144825493
0.4409452534740342,0.11812623076564059,0.44092851576032505
0.3660327389139176,0.2706050356660814,0.36336222542000096
0.49260715369565894,0.01493921042215524,0.4924536358821859
0.34006474634151,0.32883722942240373,0.3310980242360863
0.4998951374241454,0.0002097785162933653,0.4998950840595613
0.5000588153078439,4.916160389401886e-07,0.499940693076117
0.39949899365547603,0.21328996797424934,0.38721103837027465
0.4950606498658128,0.009967426909893048,0.49497192322429423
0.34974111190265034,0.3565938201345496,0.2936650679628001
0.43727013158059885,0.12554614054441565,0.4371837278749856
0.39001351995706107,0.22180431194729974,0.38818216809563905
0.3585643787039,0.2879194019764616,0.3535162193196384
0.4866018131194027,0.04321813879470076,0.4701800480858966
0.3847733514230035,0.23118555515108524,0.38404109342591125
0.45837848299262957,0.08324979134796223,0.4583717256594081
0.5098769719019481,0.019199591747660092,0.4709234363503918
0.49819885486252025,0.0036917024742795174,0.49810944266320034
0.49093241263809545,0.027809372080228625,0.48125821528167595
0.4883755919378268,0.026908728918741243,0.4847156791434319
0.4897649716610052,0.02047368131282286,0.489761347026172
0.4990256735610012,0.0019509884148955583,0.49902333802410315
0.45281317296163687,0.09437666358802962,0.45281016345033365
0.4455223980727953,0.1699271522777237,0.38455044964948104
0.4998565698228479,0.0002868960461662226,0.49985653413098596
0.4548756531569589,0.09159733865369044,0.4535270081893507
0.35489553517600164,0.2961995675058522,0.34890489731814617
0.4292716760191238,0.14159984749362517,0.42912847648725105
0.4983979265102639,0.003251947893687392,0.4983501255960487
0.4851531313530803,0.030143448259297476,0.48470342038762226
0.46902751382885516,0.08363766948834249,0.44733481668280234
0.4761351648782453,0.047981705482707665,0.47588312963904705
0.47953407453370633,0.044414779496676486,0.4760511459696171
0.5004484355770585,0.0166226184998821,0.4829289459230594
0.3689563002706824,0.26425108947007486,0.36679261025924287
0.48616874032278123,0.02766341984706098,0.4861678398301579
0.4979120548129516,0.004175929517721718,0.4979120156693267
0.4996840996994398,0.0006323112273004694,0.4996835890732599
0.35623676442693425,0.2923932832156039,0.3513699523574618
0.4397241477662192,0.12055710039513585,0.43971875183864484
0.48841308947900014,0.026659351260399516,0.48492755926060027
0.49603747914274854,0.008060013008915365,0.49590250784833606
0.4952288092065387,0.009866260091421395,0.4949049307020399
0.47837644648531324,0.04551331910859396,0.47611023440609274
0.4992314829564795,0.0015474898479379616,0.49922102719558253
0.4716504782875313,0.0566995966239028,0.4716499250885659
0.3640321615383941,0.27453993239784724,0.36142790606375874
0.48096057923558116,0.03808001823041222,0.4809594025340067
0.3442526620059606,0.34149522770745905,0.3142521102865804
0.3973401616020026,0.23941594497296853,0.36324389342502894
0.42351334124231493,0.156143876948912,0.42034278180877316
0.48935340720690634,0.021503225002615894,0.4891433677904776
0.4960523304202935,0.008225520608754708,0.49572214897095185
0.42318168344639123,0.15377778586869612,0.42304053068491265
0.4913144816248572,0.017377970467925764,0.49130754790721703
0.4687134194749979,0.06257323375374806,0.468713346771254
0.4938193176187677,0.016562082662044758,0.48961859971918764
0.40207946630369074,0.19632875962474794,0.4015917740715613
0.4348955497282585,0.13068693657133534,0.4344175137004061
0.4872378808895261,0.025547262761120668,0.4872148563493533
0.4978872155346075,0.004234461395290244,0.4978783230701022
0.4774779377156081,0.05172872378571994,0.470793338498672
0.49726758774781127,0.0056133305472691715,0.4971190817049197
0.4483788369595651,0.10324283346438015,0.44837832957605467
0.4564627931646775,0.08707527451083914,0.4564619323244834
0.4365288369296499,0.17401337220017296,0.3894577908701772
0.5000001886920868,5.00000188692086e-09,0.49999980630791124
0.47046896642201913,0.05913740376999592,0.47039362980798494
0.46311053975359023,0.07575078696693026,0.46113867327947955
0.47220618182055346,0.05558766357350131,0.47220615460594534
0.49479154765698896,0.010656135480959589,0.4945523168620515
0.4788320878485863,0.05228895718263377,0.46887895496877996
0.497440979501127,0.005394634056830509,0.49716438644204264
0.47969715305249105,0.040620180945395094,0.4796826660021139
0.42169885442702526,0.15665419524324492,0.4216469503297298
0.43416295219687057,0.13199521409890247,0.43384183370422696
0.49219130757901935,0.015650599932382905,0.4921580924885977
0.4733061461542099,0.05803909244061705,0.4686547614051731
0.4515575893815363,0.09694307925470237,0.45149933136376125
0.46911926427282297,0.06178616539331953,0.4690945703338576
0.46610169437138105,0.06874800152807081,0.4651503041005481
0.3953803422783611,0.21490938762479744,0.38971027009684134
0.4083688764258484,0.20118653703713799,0.39044458653701375
0.49904292067556677,0.00191454806878723,0.4990425312556459
0.4910895550168243,0.017821834878690223,0.49108861010448546
0.48873719113637104,0.022747238181513817,0.48851557068211515
0.4628002052775606,0.07608300349909759,0.46111679122334176
0.48529633586031007,0.029506846717051814,0.48519681742263815
0.4646010006068685,0.07160098141777106,0.4637980179753604
0.49912727937115053,0.0017456650574446447,0.49912705557140485
0.44962409880826865,0.10078489503764888,0.44959100615408254
0.4803811025291257,0.039289781669800926,0.48032911580107346
0.49045282593415784,0.021553833900066443,0.4879933401657756
0.4947197051189906,0.01060475746799099,0.4946755374130184
0.47215334643415585,0.05660533574667257,0.4712413178191716
0.39360924869565567,0.21329080714236706,0.3930999441619773
0.41752611025006,0.16494982584752904,0.4175240639024109
0.49195570066723615,0.01801500311790123,0.49002929621486263
0.4673047474824666,0.06539151884042145,0.46730373367711203
0.47881023185455013,0.042513902280757465,0.4786758658646924
0.479687163326826,0.0419631213157708,0.47834971535740317
0.4913725579749975,0.017261815822421166,0.49136562620258123
0.4910485801999721,0.01791332314468452,0.49103809665534337
0.4640489545507254,0.07210231072026425,0.4638487347290104
0.4994387324908356,0.0011226675470560376,0.4994385999621085
0.42897102064098613,0.1428466300893631,0.4281823492696508
0.4825300091460998,0.03675333432228319,0.48071665653161705
0.49606336423000247,0.007884888558887842,0.4960517472111096
0.4461476588956545,0.11785231316338426,0.4360000279409613
0.4633007967785737,0.07506025993938518,0.4616389432820412
0.44876313748424335,0.1104508470494007,0.440786015466356
0.4399536866235111,0.12143988197942591,0.43860643139706307
0.4938160626624726,0.01236793012749297,0.49381600721003455
0.484706617205064,0.030595040782726412,0.48469834201220957
0.42698127740024,0.14610254179224988,0.42691618080751004
0.47066817139193967,0.060806803086900514,0.46852502552115993
0.47670268960805334,0.046610802003773794,0.4766865083881729
0.39662533173701586,0.23329222468716804,0.3700824435758161
0.4606345582598234,0.07878620371603373,0.46057923802414286
0.45094979431179383,0.09970753311438835,0.44934267257381777
0.42935115248593,0.1462911704167284,0.4243576770973415
0.49491916250819395,0.01016897592803553,0.49491186156377037
0.34638730468671236,0.31709196554458047,0.33652072976870717
0.4905516330480935,0.01895237354095082,0.4904959934109556
0.4240418557099622,0.15207987680165536,0.4238782674883824
0.47574894099912696,0.05270439560388959,0.4715466633969834
0.49919929216097525,0.0016222298208578587,0.49917847801816684
0.43013298843511133,0.13977072623122228,0.43009628533366634
0.49007091094332,0.02435471734894513,0.4855743717077348
0.48741081340081405,0.025209076552888197,0.48738011004629783
0.48523452258442595,0.03229995825079698,0.4824655191647772
0.34607360317240454,0.30943565869677014,0.34449073813082537
0.49939378678161095,0.0012142762383802203,0.49939193698000883
0.4079612421093522,0.185071482660762,0.40696727522988585
0.3813067778157661,0.2454048976617455,0.3732883245224885
0.4288407279598884,0.14381834663709628,0.42734092540301527
0.45054171210512917,0.09893856724633837,0.45051972064853235
0.48108567661354396,0.049809675838405496,0.4691046475480506
0.4595777897479397,0.08297361487624584,0.4574485953758144
0.498107155810884,0.003785719351253775,0.4981071248378621
