P_no_link,P_bonding,P_bridging
0.6603639982830196,0.0970066056689237,0.24262939604805658
0.7313604344960953,0.02032593711073807,0.24831362839316656
0.7070039035931658,0.02347759463117476,0.26951850177565945
0.6730432370030601,0.05344726253169483,0.273509500465245
0.6595114668613433,0.08327701626106486,0.25721151687759175
0.6720132507863309,0.06102105461449674,0.2669656945991725
0.7124682636301939,0.02016223154461677,0.2673695048251893
0.6118545146595211,0.13654163704388517,0.2516038482965938
0.7166200548640986,0.037235964813459234,0.2461439803224422
0.8704827762197436,8.70482776219742e-09,0.12951721507542868
0.6490229317261701,0.09099535549840243,0.25998171277542764
0.6116073767500566,0.1322912542644801,0.25610136898546326
0.71278789191814,0.02980963616987521,0.25740247191198473
0.5516865214574341,0.19286288110781408,0.25545059743475185
0.6560533684098225,0.12908803297547758,0.21485859861469983
0.6081233332563846,0.1322530665943031,0.2596236001493123
0.7334785410558183,0.0009262381222055497,0.265595220821976
0.7126685177275224,0.03115809641501733,0.25617338585746036
0.7200564658570018,0.008601891823375115,0.2713416423196231
0.6758650867250062,0.0594920573640161,0.2646428559109777
0.6668673150745202,0.06939433173879832,0.26373835318668143
0.6882420725609113,0.048246961022327096,0.26351096641676164
0.6808435292277184,0.05796722077736117,0.2611892499949204
0.7417779625899646,0.0016850537414841668,0.25653698366855116
0.7289729614964872,0.010429630537161599,0.26059740796635117
0.7022788232244245,0.034455058137140386,0.2632661186384352
0.66063656886216,0.07993776155856455,0.25942566957927543
0.6473948146902467,0.09690546172926477,0.2556997235804884
0.6698183627031956,0.06844469630649372,0.26173694099031064
0.6805349532920751,0.06067037618120212,0.2587946705267228
0.6279403582466974,0.1604910801960152,0.21156856155728737
0.6205821161124947,0.1261587942541786,0.25325908963332666
0.6339592437714366,0.1083618323627184,0.25767892386584496
0.6945403752850682,0.04634669996914227,0.25911292474578945
0.6975539962980076,0.05485735413436032,0.247588649567632
0.6529484315033404,0.07121955758217165,0.275832010914488
0.6873505991930309,0.05700059104644248,0.2556488097605266
0.6718687018721432,0.06528036144566222,0.26285093668219467
0.7008693880169508,0.03117710496047667,0.2679535070225725
0.7332326967465195,0.010317614775157894,0.2564496884783226
0.6373140482959974,0.080088909935427,0.28259704176857553
0.6537430586737667,0.08922044950424135,0.2570364918219919
0.5685111214360575,0.18946976193916837,0.24201911662477404
0.7630701666548241,0.0003316348001607107,0.23659819854501526
0.6892750686150603,0.03888521312717418,0.2718397182577655
0.6052354318666341,0.14617761322865241,0.24858695490471355
0.5752512140537512,0.1785374167994415,0.24621136914680722
0.7056720493860322,0.031120511507829227,0.26320743910613864
0.7203324477613047,0.00640711599343674,0.27326043624525853
0.7598725211292765,0.014299027875343248,0.22582845099538018
0.6721321262042369,0.04388665078168329,0.28398122301407985
0.6054949858545451,0.14200884337010244,0.2524961707753525
0.6672498846511261,0.07367871741141281,0.2590713979374611
0.5350157755212835,0.2195719545012115,0.24541226997750493
0.7084586122948735,0.032251489313239214,0.2592898983918872
0.7069812208489807,0.0525258977265652,0.240492881424454
0.7918713938351128,0.0029746731473674092,0.20515393301751975
0.8844328636306394,8.844328636306411e-09,0.11556712752503198
0.6989942656221665,0.06249387665550546,0.23851185772232808
0.6781484632575115,0.08274680399686674,0.23910473274562152
0.7524185510098699,0.016719970307971316,0.23086147868215878
0.7119616621668878,0.03249371812236365,0.25554461971074866
0.7679039218368044,0.01698841159698589,0.2151076665662097
0.5495123014308054,0.21309196756941629,0.2373957309997783
0.7315256315259379,0.008766213443131941,0.25970815503093025
0.7131569063056864,0.03830681718776469,0.2485362765065488
0.7038973705568151,0.029446108170885634,0.26665652127229916
0.6433850132475681,0.10124498690158601,0.2553699998508459
0.6367538477084728,0.10909634764720036,0.25414980464432696
0.6582678735317833,0.08616310521117876,0.2555690212570381
0.6680005624808956,0.07490680816280894,0.25709262935629545
0.6883767375312683,0.031090933629913598,0.28053232883881807
0.6544303538504829,0.06813853726879462,0.2774311088807225
0.7202219392351384,0.043348890949271454,0.23642916981559
0.5095470581829707,0.24854953404108324,0.24190340777594602
0.5902344466829652,0.16467002283031137,0.24509553048672347
0.7731893491786186,0.004390876917878229,0.22241977390350326
0.5288219200926458,0.22819194169522947,0.2429861382121246
0.7562756696582804,0.025362909275661333,0.2183614210660582
0.7079263993074966,0.02829888314347841,0.26377471754902504
0.5094645744722769,0.24922933735187724,0.24130608817584592
0.6497912234836966,0.10157841259940469,0.24863036391689886
0.7247770339818762,0.027734264044042077,0.24748870197408177
0.5658511230334257,0.19024843140534256,0.24390044556123183
0.7729372101336129,0.0041724236183736715,0.2228903662480134
0.6503491748695064,0.09326265671769897,0.2563881684127946
0.6790582745856825,0.06080366815104362,0.26013805726327394
0.7382421370101498,0.011205222185549545,0.2505526408043006
0.607637530247665,0.15295002691062684,0.23941244284170812
0.6547594338810538,0.09436126271080646,0.2508793034081398
0.574532352512442,0.18576279120076636,0.23970485628679175
0.7768420033764399,0.002131415273871824,0.22102658134968825
0.5798909143139873,0.1722717836853185,0.24783730200069404
0.6641267188929715,0.057000584745306546,0.27887269636172185
0.6707936927082812,0.06618333962933476,0.26302296766238414
0.5856737768627641,0.1548569592158959,0.25946926392134007
0.6934567904467864,0.03841382742240097,0.26812938213081255
0.7831626170729594,0.0014983132888796154,0.21533906963816105
0.7327998731315613,0.023762343486671323,0.24343778338176747
0.7223575598200692,0.023554179531810517,0.2540882606481203
0.745875853520938,0.016192569761902833,0.23793157671715912
0.7502601806381642,0.007435647287142779,0.24230417207469301
0.6741235151011967,0.06306153237617321,0.26281495252263015
0.6741837640557908,0.038128237782190655,0.2876879981620185
0.8022994285673859,8.02299428567527e-09,0.19770056340961997
0.6940039090768433,0.05640942846932858,0.24958666245382824
0.6319980965150045,0.11251911948857624,0.2554827839964192
0.6225447160899863,0.11217752832620302,0.2652777555838106
0.7542519302241073,0.00509652116845105,0.2406515486074416
0.8023787528561362,0.002313067604192003,0.19530817953967178
0.7427850379521045,0.021746396027435284,0.23546856602046015
0.7747978836279528,0.0030083722145296163,0.22219374415751758
0.7544481751578924,0.011959283791813232,0.2335925410502943
0.7526809594112228,0.005619149096620839,0.24169989149215648
0.733408042025364,0.01807496155952497,0.24851699641511096
0.7172774235085445,0.028801684838103126,0.2539208916533523
0.739375004009457,0.014113252350991349,0.24651174363955164
0.7202979764038565,0.024705822586271988,0.2549962010098714
0.7858825065015393,0.0019091889049088712,0.21220830459355183
0.7851265467751886,0.002568633845429566,0.21230481937938184
0.6733931389283251,0.06501333180208489,0.2615935292695899
0.7525363989816579,0.013876081563376025,0.23358751945496609
0.6950271440278522,0.05814929647523127,0.24682355949691653
0.700317100535995,0.01683738503390213,0.2828455144301028
0.7634433396917751,0.009636273209290436,0.2269203870989344
0.7986193146344152,0.0030477342721475834,0.19833295109343724
0.7532427148980287,0.0033847554925490564,0.24337252960942216
0.749180305512133,0.015141879926000449,0.23567781456186648
0.7332477393576436,0.025881948917082752,0.24087031172527362
0.6583341372719991,0.07572234207116124,0.2659435206568396
0.7146135228509919,0.031229090858317182,0.2541573862906908
0.7169340254651191,0.010476886725813355,0.2725890878090677
0.72102865247532,0.02616614597813602,0.25280520154654407
0.7515048274136599,0.00843223323660038,0.24006293934973955
0.7595675386230801,0.004423658083218204,0.23600880329370166
0.6611747926786329,0.08246825580467625,0.2563569515166909
0.7319031490967406,0.025651278314185233,0.24244557258907423
0.7553664294085918,0.015229542427718954,0.22940402816368916
0.7059641991056012,0.019289913556779573,0.27474588733761934
0.7448295705704424,0.01641517977614458,0.23875524965341305
0.7898018108596748,0.0011593677273779818,0.20903882141294713
0.7545987870411467,0.006099686679754878,0.23930152627909848
0.7523909162254643,0.013599587138070936,0.23400949663646478
0.7653730482406234,0.004613414041311345,0.23001353771806524
0.7158229291249697,0.007493571234411562,0.2766834996406187
0.7108759406221268,0.023806039646880064,0.2653180197309932
0.6916321945383597,0.012970661696873937,0.29539714376476633
0.6341706044100269,0.10425230252958691,0.2615770930603862
0.7104319213869833,0.04236425865409721,0.2472038199589196
0.7764676517398224,0.004965587285210877,0.21856676097496663
0.8837355009462591,8.837355009462575e-09,0.11626449021638594
0.7283308640896787,0.027597432801765673,0.2440717031085556
0.7111071919814062,0.038989698261630505,0.2499031097569633
0.7418114739427238,0.017323376838284645,0.24086514921899155
0.7264922999286157,0.011835065044753342,0.261672635026631
0.757850107204415,0.017373141870990882,0.22477675092459407
0.6750065019758523,0.05172888074936336,0.2732646172747844
0.6975995112410265,0.030567333201607202,0.27183315555736637
0.6042901025056012,0.15158214362186984,0.24412775387252889
0.6308970302165676,0.10465853399323748,0.2644444357901949
0.658892892522268,0.07553216387696839,0.26557494360076356
0.6903884522077334,0.04035742871356512,0.2692541190787016
0.6759687814562394,0.05817749548655902,0.2658537230572015
0.699173098920776,0.03460616214560233,0.2662207389336217
0.6608067516091475,0.054375298516829325,0.28481794987402315
0.5832855015487888,0.15104346508641014,0.26567103336480097
0.7228758529931778,0.03357967127730283,0.2435444757295195
0.6666329228285609,0.04278303336772028,0.29058404380371883
0.7122214314477833,0.021451274897520287,0.26632729365469654
0.7650143588637464,0.0032903998813982372,0.2316952412548554
0.6578225120646078,0.05848906664325963,0.28368842129213256
0.7491713073106974,0.022709861039300484,0.22811883165000207
0.6824241214791436,0.04775758248885721,0.2698182960319993
0.6693714220857993,0.03588995411163061,0.2947386238025701
0.672001901050508,0.06894934866111233,0.2590487502883796
0.7474589485831339,0.00704077972550293,0.2455002716913632
0.6989283996945821,0.01959178760666058,0.28147981269875727
0.7738891728688897,0.0014927305384483452,0.22461809659266183
0.6960268756159358,0.035884393729617194,0.26808873065444705
0.6310475761211487,0.10764283846129355,0.2613095854175577
0.6818365933013972,0.05225189838407317,0.26591150831452964
0.7230704707026497,0.012839026383730074,0.26409050291362013
0.6581160645114208,0.08160166389255458,0.2602822715960246
0.6734058899011806,0.05601393195495676,0.27058017814386265
0.7633106468183142,0.00432694676333679,0.23236240641834907
0.6880335897329948,0.03345746716632469,0.2785089431006806
0.6853349063756679,0.024609919008276873,0.29005517461605523
0.6773365995720236,0.05105884289264636,0.27160455753532997
0.692840803904787,0.017421364144016696,0.28973783195119623
0.637276858766138,0.09623254894229823,0.26649059229156385
0.6013657886661741,0.13799643919044755,0.26063777214337847
0.550547714970812,0.1975068163931952,0.25194546863599276
0.6883504084469089,0.02707490475204029,0.2845746868010507
0.7238984187505219,0.024651497027129838,0.2514500842223485
0.7688489673702704,0.0027666103621303197,0.22838442226759934
0.8714760878198142,8.714760878198188e-09,0.128523903465425
0.6445232051711927,0.10765493046933909,0.24782186435946837
0.6756021506951116,0.06989858147283999,0.2544992678320483
0.738380173962623,0.010557413829484729,0.25106241220789227
0.7224807098740759,0.00929590148747366,0.26822338863845047
0.7454897283367066,0.014577165525987142,0.2399331061373064
0.6664643485807848,0.07718555948995416,0.256350091929261
0.7249796918293288,0.008669419995857488,0.2663508881748137
0.7448571373701487,0.010061533158056085,0.2450813294717952
0.7077357672818124,0.013189875619356825,0.27907435709883077
0.6747988765241211,0.050715692241277206,0.2744854312346018
0.5872359100247737,0.1515280512617144,0.2612360387135119
0.6914220641304404,0.03343947354318224,0.2751384623263774
0.6103634210269909,0.12542970382972599,0.2642068751432831
0.7191598428361446,0.0070275645875156785,0.2738125925763398
0.716495995988242,0.01104941165603612,0.272454592355722
0.7344518523075164,0.016991194117113136,0.24855695357537058
0.6126706244994461,0.12368797448921405,0.2636414010113398
0.6725186773148998,0.07775027531194907,0.2497310473731512
0.7647068603538737,0.0014176907241699574,0.23387544892195639
0.6523238947584397,0.0782521139345897,0.2694239913069708
0.7405282810469734,0.01719091841234023,0.24228080054068624
0.7161208971663044,0.010268210813342199,0.27361089202035344
0.5828081430972055,0.1607685999101647,0.2564232569926298
0.7342124698525376,0.01787070160536095,0.24791682854210143
0.7458359776071993,0.014896440084849662,0.2392675823079509
0.5343872781677612,0.21364935724758966,0.25196336458464913
0.7720312001610307,0.0008090033438900378,0.22715979649507934
0.5902184025807508,0.14848146268336163,0.26130013473588765
0.7045911596510165,0.01847861453098162,0.2769302258180019
0.7111187870107772,0.014953609854166909,0.2739276031350558
0.5561345386373353,0.19933125252004033,0.24453420884262442
0.7325406979444703,0.016730046317806373,0.25072925573772337
0.6369390025898558,0.09132995680734146,0.27173104060280273
0.7720120161692925,0.0007460059114289235,0.22724197791927872
0.6420192248787681,0.07632554843118053,0.28165522669005144
0.7165559255972946,0.009234464175018954,0.2742096102276865
0.6965536568855822,0.02394012011083888,0.2795062230035789
0.5485242903920441,0.20151171426264788,0.24996399534530794
0.7058705461201767,0.011187946935236464,0.28294150694458675
0.6654547996304544,0.07025049595545842,0.2642947044140871
0.611599025067441,0.11363864309264415,0.2747623318399149
0.6673116376593006,0.07228569054041141,0.2604026718002881
0.7290538100121549,0.016840724788941948,0.2541054651989032
0.8674813436630687,8.674813436630671e-09,0.1325186476621178
0.5330556596537707,0.22810671580287034,0.23883762454335905
0.6174144896749356,0.13129728236464,0.25128822796042427
0.7373903707678386,0.021361168142949753,0.2412484610892117
0.7135212858205219,0.023029863279837852,0.26344885089964026
0.6714539151228072,0.08096236072989053,0.24758372414730231
0.6980843460793139,0.045697474687141894,0.2562181792335441
0.729570215193833,0.014331026451661564,0.25609875835450546
0.7408051738575598,0.02468429952842194,0.2345105266140183
0.6732144696843874,0.04517798199295516,0.2816075483226574
0.6235833790727887,0.10033608744963275,0.2760805334775785
0.5229090033973033,0.22931583111672962,0.24777516548596717
0.6519328748931676,0.06323886918809898,0.28482825591873345
0.5135055850175891,0.23685232581572274,0.24964208916668823
0.7339171792918263,0.006508455353002303,0.2595743653551713
0.7242794368628439,0.01411214981977994,0.261608413317376
0.6997131681353406,0.03469395697165709,0.26559287489300226
0.6708575840128552,0.060795534624786624,0.268346881362358
0.7195566435562702,0.034592079629177847,0.24585127681455188
0.7672095068873023,0.004804130942284372,0.22798636217041326
0.6907558262180871,0.039323171156075414,0.26992100262583757
0.6733814028791758,0.08322714287755015,0.24339145424327407
0.6558597657188177,0.059873703747329185,0.2842665305338532
0.6498969026387345,0.08535892422683664,0.26474417313442894
0.744402401588093,0.014421493258710817,0.24117610515319618
0.757564345134296,0.01191702630486887,0.23051862856083516
0.5969901345297056,0.1439506163690898,0.25905924910120465
0.7825758807719174,0.0016725272600996786,0.21575159196798283
0.5146033386349264,0.23824621563838771,0.24715044572668604
0.6674983924318061,0.05142913747651209,0.28107247009168174
0.6231983526692608,0.09898883359663206,0.27781281373410704
0.6098744455440768,0.13882180439676683,0.25130375005915634
0.735749088902089,0.020740446495746315,0.24351046460216474
0.6313947970664842,0.11068693235509625,0.25791827057841965
0.786988297085545,0.0009268683815805842,0.21208483453287436
0.6786044567826219,0.04676578882931373,0.2746297543880644
0.7238439763454682,0.013546578514915142,0.2626094451396168
0.6494850471304258,0.07429096054179125,0.2762239923277831
0.6441883616812737,0.09062072285805424,0.26519091546067214
0.7008665373869228,0.023626564175243236,0.2755068984378338
0.7139445767915864,0.01680902603094043,0.2692463971774731
0.7274746118609472,0.02587488448674414,0.24665050365230867
0.7881423890036041,0.0014772680786775798,0.2103803429177183
0.8765831608876954,8.76583160887697e-09,0.12341683034647298
0.7004435781408421,0.054560655763034156,0.24499576609612364
0.692212927612886,0.057806284041725074,0.24998078834538903
0.7526254935983338,0.00989362538570266,0.23748088101596354
0.7236495059559713,0.014028098566641415,0.26232239547738734
0.7685705732974096,0.008397216809897504,0.22303220989269287
0.5966196778384569,0.14948351494548143,0.25389680721606167
0.7247060652350762,0.006094009538248441,0.2691999252266753
0.7291472145146581,0.014373077528178043,0.2564797079571638
0.7128193336525759,0.013098022277504963,0.2740826440699191
0.6740367818959212,0.05810479385877322,0.2678584242453056
0.6385026919823539,0.09886779792635852,0.2626295100912876
0.6870209001012234,0.0459718098403521,0.2670072900584245
0.6680420006428335,0.06727442553910665,0.26468357381805985
0.6959863759482033,0.015330440577319198,0.28868318347447747
0.6852593264662822,0.026911039997354523,0.2878296335363632
0.7351567399731608,0.02253776660052179,0.24230549342631758
0.5373971489501197,0.20890753963513775,0.2536953114147426
0.6102888876636987,0.13840444855489392,0.25130666378140737
0.7690697502930846,0.0017468511210973778,0.22918339858581807
0.5741170029205375,0.16509083400532296,0.2607921630741396
0.7605284129229802,0.012050457292371258,0.22742112978464857
0.7207329823089802,0.010113944364972914,0.269153073326047
0.522763513992954,0.2251769013423572,0.2520595846646888
0.691234993377717,0.048705548462215406,0.2600594581600675
0.7281239961601318,0.019998904310684712,0.25187709952918347
0.5433640377077676,0.2072016315986748,0.2494343306935575
0.7730013782136324,0.001615590597072236,0.22538303118929526
0.6495089618477919,0.08689601309980088,0.2635950250524072
0.7041805976871374,0.025629664138996155,0.2701897381738664
0.7362851039172966,0.006054356163160583,0.25766053991954285
0.5783394132329671,0.17586389041415398,0.24579669635287898
0.6949656667598927,0.03999630713919875,0.26503802610090843
0.6180193653791449,0.12368637604267925,0.2582942585781758
0.7734176413346986,0.0011599919410720714,0.2254223667242292
0.6026033058682093,0.1346980831026121,0.26269861102917863
0.6871828558176069,0.02225153271266674,0.2905656114697264
0.6973165707280641,0.029008751333524117,0.2736746779384117
0.5513657883454719,0.1907505835984101,0.2578836280561179
0.7068489095603625,0.016929272404463503,0.276221818035174
0.6842586273234611,0.05415881965510049,0.26158255302143835
0.7411430793258569,0.01060644474979839,0.2482504759243448
0.863290833431774,8.632908334317756e-09,0.13670915793531777
0.6226881929022574,0.12319181341887595,0.2541199936788667
0.6602863547525754,0.07925825700617575,0.2604553882412489
0.7297152639129377,0.024261925098279784,0.24602281098878254
0.7309363771108651,0.005502165681031758,0.2635614572081032
0.7194088585590409,0.028037092151835464,0.2525540492891236
0.7266738596115161,0.022096463475521456,0.2512296769129625
0.6698672423741445,0.07539270955775247,0.254740048068103
0.683675154880458,0.07651300038676082,0.23981184473278108
0.5600281322704065,0.1795920162647565,0.2603798514648369
0.6087140421155681,0.11658841056869226,0.27469754731573953
0.5848233758414981,0.14373281306145616,0.27144381109704574
0.6415351284839219,0.07554612844682622,0.2829187430692518
0.5769901621219182,0.1573035677139029,0.26570627016417886
0.692388561799414,0.03895154608856857,0.26865989211201735
0.6678249679013778,0.06190979781657772,0.2702652342820444
0.6864145895437787,0.04969945784600212,0.26388595261021924
0.7032927658845242,0.02969303304348903,0.26701420107198676
0.7480082630141681,0.012934277195708239,0.2390574597901237
0.7717246282643904,0.0016824362570146206,0.22659293547859502
0.7061884610917637,0.028470292415651688,0.2653412464925846
0.7168319957992666,0.02957718749829774,0.25359081670243566
0.6714178670123773,0.04485631317799327,0.2837258198096295
0.7007584022083179,0.030412553865296257,0.2688290439263859
0.7352243409727908,0.02142722644325133,0.24334843258395789
0.7732415543372229,0.004728357582357886,0.2220300880804193
0.6718420096377108,0.04865211882855902,0.2795058715337303
0.7878833441384882,0.00042325976713275136,0.21169339609437912
0.5839870598003588,0.1444305721314243,0.271582368068217
0.6062632744137545,0.11589201870017612,0.2778447068860694
0.5265462098591756,0.2257422492052541,0.24771154093557035
0.689403488690204,0.03947862605589704,0.2711178852538991
0.7299870686728258,0.025452281214948004,0.24456065011222616
0.6848647799324198,0.04745501989456135,0.26768020017301875
0.7649289404616058,0.006202777350708715,0.22886828218768562
0.691414463777905,0.03380720163409004,0.274778334588005
0.7342798396553694,0.004719078406614758,0.26100108193801574
0.6749871113819949,0.04015815321554602,0.2848547354024591
0.6906831109255183,0.03549699979026921,0.27381988928421264
0.6224665341652971,0.10674462447562807,0.27078884135907483
0.65980378110767,0.07772724516818175,0.2624689737241482
0.8387262539110115,8.3872625391101e-09,0.16127373770172587
0.6297138363171897,0.11545950413205526,0.25482665955075506
0.5395335979380996,0.2083583263162017,0.2521080757456987
0.6570121775003969,0.09409132501126319,0.24889649748834
0.6372503173882029,0.10062309722341012,0.262126585388387
0.7185032322634418,0.05838850343428078,0.2231082643022775
0.660807702509169,0.08375023676416538,0.2554420607266657
0.7510697146673805,0.003675459461688191,0.2452548258709313
0.6777024340962028,0.06555406675840239,0.25674349914539485
0.6900527919245487,0.043852094984736745,0.26609511309071465
0.6200644743048378,0.12394885551518368,0.25598667017997856
0.6608687705639186,0.08001022073829332,0.25912100869778804
0.6307469782858774,0.11265590289768608,0.2565971188164365
0.6681316340152095,0.07170330960214445,0.2601650563826461
0.7486472723660379,0.008290138162877278,0.24306258947108497
0.7265340476409522,0.028146858763256368,0.24531909359579138
0.5784485631104705,0.1563199646597312,0.2652314722297982
0.7001530598329823,0.05074417016039902,0.2491027700066187
0.6561888708456715,0.07573389962575011,0.26807722952857843
0.6715715789400505,0.07477907567385447,0.25364934538609496
0.7065109681484029,0.04727914727480642,0.24620988457679074
0.6985408216396509,0.08003450762835346,0.2214246707319957
0.6193511338754999,0.1251774161016923,0.25547145002280786
0.7006829340076293,0.05169544264848638,0.2476216233438844
0.6493580741129912,0.08749906156052246,0.2631428643264862
0.6966501906387143,0.05752423914817791,0.2458255702131078
0.6892191853947522,0.05503464186398769,0.2557461727412601
0.6934556704596624,0.053512724961650916,0.2530316045786867
0.668821099481234,0.0703682171534941,0.26081068336527186
0.6442190596689608,0.09881896214587622,0.2569619781851629
0.7104324080765109,0.03127878572156021,0.25828880620192884
0.6573703288488055,0.07785923371018726,0.2647704374410072
0.6051889720946619,0.1351842594332184,0.2596267684721197
0.6327400336320471,0.12597074177604323,0.2412892245919096
0.7409854330488045,0.0068956163724589094,0.25211895057873657
0.694103730426264,0.05441738700360595,0.25147888257013007
0.7050218465946362,0.0475625008296333,0.24741565257573053
0.6059514018257685,0.14162634072588576,0.25242225744834573
0.7442566340418869,0.015603655589129357,0.24013971036898382
0.7073311821758698,0.03347204980457031,0.25919676801955976
0.8303334351272483,8.303334351272468e-09,0.16966655656941743
0.699170665754497,0.048507254044674486,0.2523220802008286
0.6589891754834636,0.08451612076677836,0.2564947037497581
0.6172074744017547,0.11920938399970057,0.2635831415985446
0.7325676322314737,0.021035756059373963,0.24639661170915225
0.749416397659498,0.03151036793212207,0.21907323440838006
0.7647048327023828,0.008982427204458543,0.22631274009315872
0.7742317054408278,0.0012757108595342823,0.22449258369963795
0.7295376918009907,0.034559215168401464,0.23590309303060789
0.764535143810527,0.002722219742206252,0.23274263644726684
0.754035338599568,0.006171380681469433,0.23979328071896266
0.7411032133071689,0.01144665875368794,0.24745012793914323
0.7590953142887436,0.00365603409392967,0.23724865161732678
0.7346393522302069,0.01339288838463906,0.25196775938515387
0.8042184027303882,0.0001577686891462696,0.19562382858046537
0.7958164314827265,0.0008881209159979791,0.2032954476012755
0.7222082909895056,0.015354528502819039,0.26243718050767545
0.7869643709342623,0.0021876698568235706,0.2108479592089142
0.7511840815506913,0.012146631384314191,0.23666928706499452
0.6100989748817536,0.12719111655468926,0.2627099085635572
0.7916463491463741,0.0015733428826832838,0.20678030797094266
0.7547768433808838,0.029972607896141482,0.2152505487229746
0.7241078544467627,0.02060029668979629,0.2552918488634408
0.7807064268032884,0.00354558640832489,0.21574798678838672
0.7562006823447217,0.008490973913175338,0.23530834374210313
0.6661747750421428,0.06923975411274107,0.2645854708451161
0.768694729820695,0.0035706737194081987,0.2277345964598968
0.6843860379977489,0.04205756272888021,0.2735563992733709
0.7369722588442987,0.01266125494466121,0.25036648621103996
0.7610356519479052,0.004098066118261022,0.2348662819338339
0.7436389747850873,0.010363935500384365,0.2459970897145282
0.7460295518038841,0.00969254808505123,0.24427790011106473
0.7342036648106077,0.021078022398140196,0.24471831279125217
0.7644694393407758,0.010373418480136001,0.22515714217908817
0.7371099851391365,0.0013815370821062048,0.26150847777875724
0.7846882657950259,0.0011622884024937391,0.21414944580248038
0.7767994775686203,0.004173138060998891,0.21902738437038088
0.7333076933091719,0.016814548334406147,0.24987775835642195
0.7814122043308324,0.0018246683486594652,0.21676312732050818
0.7805275096553536,0.0010520543999554867,0.2184204359446909
0.8629109890101393,8.629109890101409e-09,0.13708900236075097
0.8411529215655966,8.411529215655983e-09,0.15884707002287426
0.8259110240714513,8.259110240714528e-09,0.17408896766943852
0.8737307987487066,8.737307987487052e-09,0.1262691925139855
0.9105973137017965,9.105973137017949e-09,0.08940267719223044
0.874367781471154,8.743677814711525e-09,0.1256322097851682
0.8633536206318836,8.633536206711182e-09,0.13664637073458027
0.8724812101077875,8.72481210107786e-09,0.1275187811674004
0.8521517348424574,8.521517348425618e-09,0.14784825663602533
0.8570177057317757,8.570177057317773e-09,0.1429822856980473
0.861821949416242,8.618219494162436e-09,0.13817804196553865
0.8598108638212223,8.598108638212239e-09,0.14018912758066912
0.8630003485956969,8.630003485956984e-09,0.13699964277429982
0.865835044369332,8.658350444113095e-09,0.13416494697231748
0.8773021014712233,8.773021014712374e-09,0.12269788975575575
0.8323627804999079,8.323627804999272e-09,0.16763721117646432
0.8773529257063087,8.773529257063103e-09,0.12264706552016219
0.8582461765767904,8.58246176576792e-09,0.14175381484074792
0.8409688677907404,8.40968867790739e-09,0.15903112379957093
0.881032183566396,8.810321835663976e-09,0.11896780762328216
0.9086912653661159,9.086912653661143e-09,0.09130872554697153
0.8724358136568303,8.724358136568288e-09,0.12756417761881153
0.8796831044561023,8.796831044561007e-09,0.12031688674706673
0.8627272256956469,8.627272256956485e-09,0.13727276567708088
0.8437350892967741,8.437350892967725e-09,0.15626490226587508
0.8638951085886859,8.638951085886967e-09,0.1361048827723631
0.8466434531841414,8.466434531841399e-09,0.1533565383494241
0.8635543394711618,8.635543394711633e-09,0.13644565189329488
0.8605740979483951,8.605740979483967e-09,0.139425893445864
0.8700547543710331,8.700547543710347e-09,0.12994523692841956
0.8501426633392758,8.501426633392955e-09,0.14985732815929767
0.8637217076546769,8.637217076546754e-09,0.13627828370810607
0.8800295047103974,8.800295047103958e-09,0.11997048648930761
0.8007057595742667,8.007057641480671e-09,0.1992942324186755
0.8678861551726395,8.678861551726812e-09,0.132113836148499
0.896746314705827,8.967463147058254e-09,0.10325367632671001
0.8729889447177673,8.729889447177658e-09,0.12701104655234324
0.879882022660345,8.798820226603843e-09,0.12011796854083476
0.858018113914065,8.580181139146823e-09,0.14198187750575386
0.5685769704873384,0.1914764192751244,0.23994661023753736
0.7007284816061636,0.059665190116846185,0.23960632827699002
0.7051170155044157,0.02664148948894431,0.2682414950066398
0.6949106283423162,0.0777436002024331,0.2273457714552507
0.6904192155790871,0.05011229015339588,0.259468494267517
0.719089410373645,0.019444932365332075,0.26146565726102283
0.7175706673322967,0.04481369671114654,0.23761563595655685
0.6885646573992757,0.05143923861560068,0.25999610398512374
0.6419066042465915,0.10040050334723791,0.2576928924061705
0.5518060978248508,0.21181198579106122,0.2363819163840879
0.670877679136906,0.06360645297832745,0.2655158678847666
0.5398150754758814,0.22166224961141343,0.23852267491270526
0.755203025523249,0.007071620791306331,0.23772535368544478
0.7441595335763568,0.015465392083061703,0.24037507434058156
0.6752024205522106,0.05847478233127693,0.2663227971165126
0.7007786308321642,0.05193270681179402,0.2472886623560418
0.7063801342638076,0.04759523714190258,0.2460246285942898
0.7542583839679149,0.01343134178490851,0.23231027424717654
0.7168320912988676,0.03491022888326596,0.2482576798178663
0.696636257471131,0.07990421777370899,0.22345952475516007
0.6740445083967468,0.06246546760910557,0.2634900239941476
0.6833598548922031,0.07118840251875802,0.24545174258903887
0.7294856950420954,0.023596622425192244,0.24691768253271246
0.7388159613275934,0.029760980744403497,0.23142305792800302
0.6348751798816621,0.12035322116573925,0.24477159895259873
0.7744675309367189,0.004517431026922392,0.22101503803635858
0.5438096283423565,0.21972546063751736,0.23646491102012618
0.6837346763751286,0.055905030012935335,0.2603602936119361
0.633682335683327,0.10916735686898792,0.257150307447685
0.6046938986003138,0.14144818975196957,0.2538579116477167
0.7178290308847612,0.034276095495770334,0.24789487361946846
0.6599828438551766,0.09989505747891135,0.2401220986659121
0.7782806035147102,0.0030269157272405527,0.21869248075804926
0.7046094561267332,0.04184420116781088,0.2535463427054559
0.7473802340752326,0.012431402946412469,0.240188362978355
0.6708005264820296,0.07281144128002627,0.25638803223794426
0.6790108201919837,0.07320967066584423,0.24777950914217203
0.7194983556156624,0.0265195678169441,0.2539820765673934
0.6177117835207738,0.13468030414791432,0.2476079123313117
0.6737262582668602,0.057489236252129934,0.2687845054810099
0.725025885403404,0.05403025917694304,0.2209438554196531
0.6441663736515748,0.10396879525796854,0.25186483109045665
0.7316809748331267,0.01290174875798951,0.25541727640888395
0.6596994470975548,0.08114411388924064,0.2591564390132046
0.6831031650226522,0.05020099840663618,0.2666958365707116
0.6252487297010666,0.12039464743491994,0.25435662286401356
0.6060187093706163,0.14161279598271878,0.2523684946466649
0.6484664632604455,0.09340471306467196,0.2581288236748826
0.6179835655714757,0.1314728114285777,0.2505436229999465
0.7448503036371548,0.011751542885116399,0.24339815347772886
0.7262402705778164,0.029331102079277437,0.24442862734290619
0.5988666555017143,0.13363467376142518,0.2674986707368605
0.677624678454909,0.07576503021312206,0.24661029133196885
0.6270290838847098,0.11228786932618004,0.26068304678911025
0.68930084222759,0.04989289531807766,0.2608062624543323
0.6915859565376472,0.061636433726754515,0.2467776097355982
0.7108673470093195,0.06618894058151824,0.22294371240916233
0.6666355109923573,0.07494600293483958,0.25841848607280304
0.6666665958666435,0.0857278995181055,0.24760550461525116
0.651069212229009,0.08356967779991888,0.26536110997107215
0.6621457047628445,0.08920201970102304,0.24865227553613245
0.6404247737072081,0.10541006054467249,0.25416516574811954
0.7188915424395401,0.027449972004917056,0.2536584855555428
0.6132893646910178,0.13394531430520143,0.25276532100378074
0.6600956212227352,0.07924396630376898,0.26066041247349586
0.6937393105919777,0.051274251836654114,0.2549864375713682
0.5951383863368446,0.14799394272654587,0.25686767093660956
0.6261231206089802,0.11162421394778978,0.26225266544323006
0.6309151422987584,0.1287282137576905,0.2403566439435511
0.7365342905138255,0.011125548296035334,0.2523401611901392
0.6804697742913556,0.06737381797487434,0.25215640773377007
0.7260231215330951,0.028039044295787605,0.2459378341711173
0.6446887780205145,0.09653888738277598,0.25877233459670956
0.7015949009525891,0.051487038614230096,0.24691806043318065
0.7053629079226763,0.03609335110406114,0.2585437409732627
0.7433208777444891,0.009600993086960522,0.24707812916855043
0.8002204381829423,0.007256743416734166,0.19252281840032365
0.7175120853288798,0.03837878574389121,0.24410912892722908
0.738536054564018,0.01593622018305244,0.2455277252529294
0.6479679530632051,0.10987980627344378,0.24215224066335123
0.7448538121400292,0.015039220581645201,0.24010696727832562
0.7343791475377451,0.02033947938852802,0.24528137307372702
0.7247678061122783,0.026712808779417455,0.24851938510830424
0.7441121390929114,0.013724666003318932,0.2421631949037695
0.7310934243824126,0.02461754712883196,0.24428902848875542
0.7655129081244727,0.004816050633854167,0.22967104124167298
0.7539164808446296,0.011316617157777282,0.23476690199759306
0.683118091233528,0.06275743297444084,0.2541244757920312
0.7470415963216094,0.014918451438933106,0.23803995223945748
0.6844500783901205,0.06548033179920207,0.25006958981067734
0.6588493284217042,0.05496039904994886,0.286190272528347
0.7504846975277304,0.01352950908013372,0.23598579339213593
0.7944767186899606,0.008439930214780988,0.1970833510952585
0.7576823309829891,0.009802986597605584,0.23251468241940548
0.7431409138251506,0.01645202962342117,0.24040705655142833
0.6794880965044237,0.06465009903279963,0.25586180446277673
0.5855463472565062,0.15567993678250597,0.25877371596098775
0.7343801421214993,0.016168043311037213,0.24945181456746343
0.6897481452826564,0.02338482318683017,0.28686703153051346
0.7278256593133762,0.025823255881232902,0.24635108480539084
0.7415565303723287,0.01601165066341293,0.2424318189642584
0.7506225318221637,0.015059528441507458,0.23431793973632895
0.7083547387889887,0.03725213725606289,0.2543931239549485
0.668309238876676,0.07765227459460664,0.25403848652871736
0.7368687631001398,0.019461321244193176,0.24366991565566704
0.6770379270176873,0.03653777001952248,0.2864243029627903
0.7434824464009917,0.01081212426107691,0.24570542933793132
0.7687219184418035,0.0038534559253214236,0.22742462563287516
0.7487475937747515,0.012515416605640735,0.2387369896196077
0.7471458587341463,0.013199760709696525,0.2396543805561571
0.7466228587954904,0.010816240662833267,0.24256090054167614
0.6740547401071895,0.10276541072639916,0.22317984916641123
0.6652244953576468,0.06262208081031223,0.27215342383204105
0.7500469320541088,8.057684242678768e-05,0.2498724911034644
0.7401826604718955,0.011576492609422189,0.24824084691868237
0.7285259736834284,0.0027004640441273473,0.26877356227244426
0.6959315624601113,0.028539551486635183,0.27552888605325343
0.7144493241152138,0.01764965724091093,0.26790101864387517
0.7011063204926082,0.027494358248084053,0.2713993212593077
0.7228375068014143,0.014184259545203026,0.26297823365338263
0.7471260989546193,0.0003748667308583813,0.25249903431452225
0.7371365567786673,0.003890061833063107,0.2589733813882696
0.7118411231004746,0.018205566797662782,0.2699533101018626
0.7064268440474021,0.027457370939814506,0.26611578501278343
0.7011254062719083,0.035721426191486536,0.26315316753660517
0.6646518196965734,0.07761196297593054,0.2577362173274961
0.7137567084536466,0.022914489184981783,0.2633288023613717
0.6402138186211871,0.1423276939860577,0.2174584873927552
0.6071577840939932,0.1411308101474328,0.25171140575857404
0.7008391923836732,0.03615559804410282,0.26300520957222395
0.7154678366086478,0.02353470494425305,0.26099745844709915
0.7406418919587462,0.020372568127889762,0.23898553991336405
0.7062618844476314,0.01770551437252349,0.2760326011798451
0.6552557774114234,0.08657566701015837,0.2581685555784181
0.7181558473415378,0.015526958062733257,0.26631719459572906
0.7075319042416941,0.017078477468435695,0.2753896182898703
0.7465190714493262,0.002508601342510639,0.25097232720816315
0.6899898194801893,0.019856818565656836,0.2901533619541539
0.6771455583130561,0.06070834105217052,0.26214610063477334
0.6277393169932394,0.11767290568114894,0.2545877773256117
0.7677114642746514,6.023800358632641e-05,0.23222829772176218
0.7131448079007878,0.013980243947101961,0.2728749481521102
0.573847845331285,0.18123440038698888,0.24491775428172627
0.5736334030821236,0.17642735811613283,0.2499392388017435
0.743580226110689,0.0041901877776948475,0.2522295861116163
0.7228861306534339,0.002075477767590412,0.27503839157897575
0.7548065947042506,0.020318284414781503,0.22487512088096792
0.7796586968384401,0.0005474046242109617,0.21979389853734882
0.7769359507919112,0.0141578862626026,0.20890616294548622
0.7369626529498253,0.00551448205369435,0.2575228649964803
0.7147787250968586,0.023698166378877138,0.26152310852426425
0.6895639550474237,0.04457740718184255,0.2658586377707336
0.7244586298326243,0.01464251553298223,0.2608988546343934
0.6818821958717698,0.050642518522102976,0.26747528560612727
0.7790287352348694,0.0002438931424220087,0.22072737162270858
0.7696361510037434,0.002234152783108959,0.22812969621314755
0.7617056720383956,0.006298206760173707,0.23199612120143082
0.7505964706300782,0.011521171883590059,0.23788235748633188
0.7809844257132235,0.008630582751372804,0.21038499153540366
0.7524169034751623,0.024187261504994652,0.22339583501984298
0.7588800305306568,0.0075995591612296074,0.2335204103081136
0.5447108408449081,0.25926668660826035,0.1960224725468316
0.5978859545312265,0.15736147650332089,0.24475256896545272
0.7369333698527031,0.021303205849627218,0.24176342429766967
0.7905031507348287,0.004283139030791717,0.20521371023437954
0.7951986246935558,0.006737571838514383,0.19806380346792976
0.7290620875389107,0.01672848303257801,0.25420942942851116
0.7801142653872465,0.009173763494577568,0.2107119711181759
0.6828999379440047,0.049544039293093436,0.2675560227629018
0.7285958802261396,0.013381277341496172,0.2580228424323644
0.7099481085787306,0.025672895243919597,0.2643789961773499
0.7400087022189186,0.01606209971483733,0.24392919806624408
0.7708946773430234,0.013860644680625379,0.2152446779763513
0.6872918608207527,0.07317882795548246,0.23952931122376478
0.8263797800776648,2.2464044719148053e-05,0.1735977558776161
0.7539601383587012,0.004619119025607668,0.2414207426156912
0.6962204036700151,0.05626972442641301,0.24750987190357174
0.6169756057884104,0.13583880662152395,0.2471855875900656
0.7481904386858629,0.007143604054145835,0.2446659572599912
0.7542605510305231,0.002066443769072758,0.24367300520040422
0.718836969927031,0.005359047144399216,0.2758039829285697
0.6712138669772165,0.06598066862782845,0.262805464394955
0.7225693468377115,0.020019981478594094,0.25741067168369447
0.6671339346336327,0.078226657309751,0.2546394080566163
0.6802156285650157,0.06656585509956325,0.2532185163354209
0.6777647694746536,0.06930708925541736,0.25292814126992896
0.7028981845647853,0.043986645016671044,0.25311517041854376
0.7066181421445505,0.019679004677418944,0.2737028531780305
0.6655972210613522,0.061197788896210255,0.2732049900424376
0.6926498779257348,0.054174705695240924,0.2531754163790241
0.5490781915530596,0.20520406469261387,0.2457177437543266
0.5385882125832907,0.21586241142686166,0.24554937598984763
0.7383831416479486,0.019940270547181296,0.24167658780487009
