P_no_link,P_bonding,P_bridging
0.6842773134476678,0.04751599944815062,0.26820668710418144
0.6602541844646335,0.062439940964443774,0.27730587457092276
0.7569098266763955,0.004930914337557081,0.23815925898604756
0.7456072952766251,0.005970444030742251,0.24842226069263276
0.764564807224125,0.00851589483506596,0.22691929794080903
0.6940122371794929,0.033156204211217434,0.27283155860928976
0.7273861862971239,0.007879727592166501,0.26473408611070964
0.6112986577277448,0.1256865911557063,0.2630147511165488
0.6623329625650547,0.07814758309393088,0.2595194543410144
0.8465976256931603,8.465976256931588e-09,0.1534023658408635
0.7051987289653597,0.04435014255900881,0.2504511284756316
0.5779961475279701,0.15535422997184387,0.266649622500186
0.657692333484273,0.0694794128130425,0.27282825370268443
0.6464065905986002,0.09892144574611733,0.25467196365528255
0.5704450144381913,0.16693957807887763,0.2626154074829312
0.6456716369897036,0.09723746633869591,0.25709089667160034
0.7421835602248048,0.0012420694117674562,0.25657437036342773
0.678973624849129,0.03896909123659275,0.2820572839142783
0.7733129815649268,0.0007121617961203548,0.22597485663895295
0.6406107908247254,0.07794502844059731,0.28144418073467725
0.632770723934065,0.08683397511585494,0.28039530095008003
0.6938631688613305,0.07543509540714793,0.2307017357315217
0.6390543885230489,0.07909496961930125,0.2818506418576499
0.7335672596071204,0.0020975952503727953,0.2643351451425068
0.7623440847302759,0.0027679187697413118,0.23488799649998282
0.7012565471494,0.027980259668238007,0.270763193182362
0.7642166581544066,0.0049459525010226435,0.2308373893445707
0.680757051029852,0.05144510983998094,0.26779783913016697
0.6596415922688872,0.07392167867856396,0.26643672905254884
0.6262168389181506,0.09393737084337829,0.2798457902384711
0.5425716154815079,0.20736400045080566,0.25006438406768633
0.7883917777315625,0.011989127115197321,0.1996190951532402
0.7701353771083856,0.004771136039073686,0.22509348685254055
0.6712196254644582,0.056209166009987314,0.27257120852555444
0.6426415074753715,0.08830186971038681,0.2690566228142417
0.7034852283423504,0.03419224615329459,0.262322525504355
0.6374594848603494,0.10493586146409524,0.2576046536755553
0.6320355947774803,0.08795289903182395,0.2800115061906958
0.7919121384824889,0.0008221853743078095,0.20726567614320324
0.7297367082794866,0.007096646436985636,0.2631666452835276
0.6958454225391386,0.03401815175974297,0.2701364257011185
0.6470983740496081,0.07845748774555447,0.27444413820483743
0.6347485036959086,0.10627156635033241,0.2589799299537589
0.7518792553929744,0.0006053713050865083,0.2475153733019391
0.693629563954282,0.03213818418270702,0.27423225186301087
0.7478442988487213,0.01210675724030013,0.24004894391097864
0.6768881878005092,0.07641540098554875,0.24669641121394204
0.7173096422422973,0.016022843020706227,0.2666675147369965
0.8133451354800042,0.0004013233394345104,0.18625354118056134
0.562770281625603,0.18474280733144577,0.2524869110429512
0.7218067316771232,0.017083212526298058,0.26111005579657887
0.7649293428449311,0.006273386574768564,0.2287972705803004
0.7295158850571586,0.022845885017357837,0.24763822992548365
0.5604949973929966,0.186366451471928,0.2531385511350754
0.6472594883088938,0.07136351282042556,0.2813769988706806
0.6594951155998336,0.06800367996341328,0.27250120443675313
0.75914577666116,0.006318772148416946,0.23453545119042316
0.8071189577266624,8.071189577266667e-09,0.19288103420214806
0.6745558797470608,0.06578102379797704,0.25966309645496216
0.6306491577049421,0.10562538392387184,0.263725458371186
0.5903853366297505,0.14773039680160457,0.26188426656864483
0.6821747171661506,0.041959499623931806,0.27586578320991745
0.7241494795578305,0.011290260470292093,0.26456025997187743
0.6701942929262478,0.06453241159861556,0.2652732954751367
0.7124413397848178,0.01819044958727144,0.2693682106279108
0.6733917382522777,0.050663528180175846,0.27594473356754645
0.7732798376831431,0.00227571847540847,0.22444444384144843
0.6656621706529761,0.06675222443658409,0.2675856049104399
0.617542766342564,0.11842113688079368,0.26403609677664236
0.6903784110142773,0.09367211318636928,0.21594947579935347
0.6370893363642698,0.09529572392079112,0.26761493971493916
0.7176082900024042,0.019020163628738648,0.26337154636885723
0.701247198959241,0.035601905455223126,0.2631508955855358
0.5677356771011505,0.16873122881140373,0.26353309408744574
0.7279609100965755,0.019707706309421605,0.252331383594003
0.5042355980365715,0.24770755077989656,0.24805685118353185
0.6608727400018878,0.04704980220072665,0.29207745779738553
0.6256967657927467,0.10678862143485046,0.26751461277240274
0.7172884404421965,0.022006094145199245,0.26070546541260436
0.7998406829298781,0.00466780372150742,0.1954915133486145
0.7066130953175959,0.025875886827425285,0.2675110178549788
0.5756770127944574,0.1661719829439176,0.258151004261625
0.5717749670160623,0.17307757977549976,0.2551474532084378
0.521372784921114,0.2362922427299709,0.24233497234891507
0.6779209140611415,0.04113322167361537,0.280945864265243
0.6176740117981399,0.11733207381593891,0.26499391438592135
0.7410153772165146,0.009366731086810048,0.24961789169667523
0.6485506158119995,0.06545532446507277,0.2859940597229278
0.5198543532718295,0.23114467575560219,0.24900097097256835
0.6336618950006311,0.10120260711240073,0.2651354978869682
0.6916553995186884,0.05622357982755915,0.25212102065375236
0.7477240199851627,0.006290159981911282,0.24598582003292613
0.5544093729640813,0.1939382833634482,0.2516523436724705
0.7572211658541967,0.00452984957997403,0.23824898456582916
0.7433089401722132,0.025917018737288664,0.2307740410904981
0.5341036558117122,0.21172823227005647,0.2541681119182314
0.8205386245743264,0.0018357522016178454,0.17762562322405565
0.7412120904973836,0.009696197865130289,0.24909171163748614
0.7336073015741347,0.017567123365714952,0.2488255750601505
0.7315235474037765,0.020744972927631583,0.24773147966859202
0.5659151656571985,0.17353051348713558,0.26055432085566593
0.6809940842526077,0.04082709561640031,0.2781788201309921
0.6365248966585602,0.08173813909971175,0.28173696424172806
0.7401300570526053,0.012171434273940959,0.24769850867345378
0.8117490235372672,8.11749023537387e-09,0.18825096834524266
0.6588875383157727,0.08413835117841843,0.25697411050580876
0.5797220704756978,0.16032742338454317,0.25995050613975906
0.5928748586478164,0.1362007117992967,0.27092442955288687
0.7110752437562292,0.016821917249144273,0.2721028389946265
0.7079130577960756,0.01426782566999381,0.2778191165339305
0.6300419468933001,0.103014306018814,0.2669437470878859
0.6925468985635813,0.02863855868529576,0.27881454275112294
0.6579427932496243,0.050274602662655765,0.2917826040877199
0.7523309964835702,0.0038329480131750124,0.24383605550325493
0.6042742185963486,0.1316090494466765,0.264116731956975
0.5556823495952997,0.19251104587217552,0.25180660453252474
0.6352988300065439,0.14586208930429131,0.21883908068916483
0.5857302938354302,0.15738378531158173,0.25688592085298817
0.682349705450076,0.038774893843645554,0.2788754007062784
0.7213032502567585,0.02280802854400669,0.2558887211992349
0.603127507526234,0.1327390761167831,0.2641334163569828
0.7228300138448219,0.0181752922168346,0.25899469393834357
0.570754854651538,0.1750648447865267,0.25418030056193525
0.706576409467953,0.014413998166947967,0.279009592365099
0.5638388544200024,0.18352975746305872,0.25263138811693886
0.70314790946499,0.022265450537358518,0.27458663999765165
0.7949467424539712,0.0025756396952733842,0.20247761785075538
0.7331279346628449,0.018297906329947065,0.24857415900720817
0.5905635235346007,0.14247456633231886,0.26696191013308046
0.6130475426726578,0.11417791822158695,0.2727745391057553
0.5423100788943161,0.21485276809036483,0.24283715301531905
0.707026954400034,0.01610495802917873,0.27686808757078735
0.5616819604534766,0.18557738958290595,0.25274064996361734
0.7664346385951235,0.004468640032278124,0.22909672137259843
0.6872747199121173,0.035577188971068596,0.2771480911168142
0.5429444346776597,0.20689296301609209,0.2501626023062482
0.6430993494056194,0.07930115763936672,0.27759949295501385
0.6770552073008743,0.06911971369028926,0.25382507900883644
0.7185882749197765,0.01585396164695112,0.26555776343327236
0.5458291848645721,0.19899003230858855,0.25518078282683937
0.7609910335830874,0.001953036336350049,0.2370559300805627
0.7429615290979229,0.019125775065452953,0.2379126958366241
0.5673659756383468,0.17749331866976836,0.25514070569188485
0.8088737583271386,0.0028402398564284,0.18828600181643299
0.770505262179232,0.0012351082584834193,0.22825962956228468
0.7250617996802085,0.02842997435685327,0.24650822596293825
0.7563854316906209,0.0023880345911906522,0.2412265337181885
0.6912992437967619,0.04827197573011743,0.2604287804731206
0.6979050666058011,0.04991939150178266,0.2521755418924162
0.7095353807521313,0.024664493997257328,0.26580012525061153
0.8426518595758039,8.426518595758025e-09,0.15734813199767753
0.6510030248752546,0.07467005378099163,0.2743269213437537
0.7336951630911963,0.020606670227982057,0.2456981666808216
0.6974007423345737,0.05144550237472076,0.25115375529070555
0.7147136530075838,0.014192504563811322,0.27109384242860485
0.752507082731875,0.0076699196155283695,0.23982299765259657
0.7094243368624343,0.02957312149032342,0.2610025416472422
0.6895945167858297,0.045394812814793364,0.265010670399377
0.651277217893125,0.09719832107379522,0.2515244610330798
0.6830507613839898,0.06312832904212498,0.2538209095738853
0.7167681717244897,0.03332637436526072,0.24990545391024963
0.7465445919593234,0.012603625419106021,0.24085178262157053
0.7144339970862618,0.06680146136289604,0.21876454155084224
0.7529118897196339,0.00985739437745,0.23723071590291625
0.6986181727524517,0.037897808106577786,0.2634840191409705
0.652550498778464,0.07032564116085739,0.27712386006067863
0.6819772186960518,0.06060548710506544,0.2574172941988828
0.747278563987331,0.008103131631845187,0.24461830438082385
0.7281203891625665,0.01286090184292516,0.25901870899450835
0.7290256909665108,0.012101952970309278,0.2588723560631799
0.7554103150942166,0.008005899482589588,0.2365837854231938
0.7590365621895488,0.007985531833659975,0.23297790597679122
0.7533935590020915,0.035489216596210474,0.21111722440169806
0.7238365157089536,0.015074884304961914,0.2610885999860844
0.704590099770445,0.043090129633944534,0.25231977059561045
0.7430899815601641,0.009920162179749977,0.24698985626008596
0.740895774752472,0.009839072670947758,0.24926515257658022
0.7397820900800284,0.008717707816139033,0.2515002021038325
0.7483420921969928,0.011767927515992425,0.2398899802870147
0.6761332870649094,0.05991108538576432,0.2639556275493263
0.6733560370751546,0.06528080843322043,0.2613631544916251
0.7384718839054029,0.007054310068693068,0.254473806025904
0.7327552410084672,0.02076735619440292,0.2464774027971299
0.7226247481698632,0.013827869619494662,0.26354738221064217
0.6967981914750234,0.026483311330781224,0.2767184971941954
0.7394400294889234,0.011918545764701884,0.24864142474637474
0.7452284905485398,0.00755496239414977,0.24721654705731036
0.7409669777343415,0.012556679776622197,0.24647634248903624
0.7369307903124465,0.006862396156022363,0.2562068135315312
0.7896137033491488,0.011805991877706219,0.1985803047731449
0.636773785203853,0.10585315723520589,0.25737305756094103
0.7481434428077735,0.010406871019075713,0.2414496861731509
0.7920135937329899,0.0006304712276407902,0.20735593503936925
0.7690490572786038,0.00347249123760906,0.2274784514837871
0.7261881632964838,0.010791154139557085,0.2630206825639591
0.8768540652122577,8.768540652122594e-09,0.1231459260192016
0.7128735334092898,0.03840495191301984,0.24872151467769038
0.7364904698599753,0.011823997949552176,0.25168553219047235
0.7639019530024038,0.004904749577931763,0.23119329741966443
0.770449963574832,0.0019114787372302624,0.22763855768793775
0.7681313693677154,0.0010017737325769265,0.23086685689970768
0.7348843308827441,0.0209092108796017,0.24420645823765436
0.7636594814883364,0.0019193101721374662,0.23442120833952612
0.7708758084621622,0.001297257014586955,0.22782693452325078
0.7065848625623092,0.014204525777061548,0.2792106116606293
0.7485170175000068,0.007847907557622545,0.2436350749423707
0.7333161270517924,0.015085541123359105,0.2515983318248484
0.7611675633730748,0.026332540715164946,0.21249989591176033
0.7356492197463659,0.012565466008021749,0.25178531424561246
0.7563367405159489,0.0035560774129992736,0.24010718207105192
0.7598384738417343,0.004342681455170056,0.23581884470309558
0.7752743146814709,0.0031182916575327063,0.2216073936609963
0.6208211264702999,0.11540222739975252,0.26377664612994756
0.7651977194891868,0.006288309115395445,0.22851397139541782
0.7947988188131008,0.00034761029388702234,0.2048535708930123
0.7285522957830095,0.01664479223838166,0.2548029119786088
0.7674370229483064,0.0015570187658533012,0.23100595828584028
0.7517807195501625,0.012497368688893916,0.2357219117609436
0.6533362016236828,0.07938034502704014,0.267283453349277
0.7665061772962402,0.004864688967160419,0.22862913373659946
0.7665930239959606,0.005155013848236572,0.22825196215580282
0.7633448006662178,0.009062335233611107,0.22759286410017104
0.7949530081352713,0.0005008661296536574,0.20454612573507505
0.73438979248656,0.014545359511134164,0.2510648480023057
0.7298662507969388,0.008975321782114201,0.26115842742094697
0.7947490848319358,0.00047175063175168726,0.20477916453631245
0.7540122960241695,0.00930238897884716,0.23668531499698336
0.7664709926841334,0.0033454518424097827,0.23018355547345673
0.6741020127902542,0.06436524462019677,0.26153274258954906
0.7422762946425615,0.005170964635552664,0.25255274072188577
0.755797667444057,0.009300132152750586,0.23490220040319243
0.7158214551035808,0.011764801167076473,0.27241374372934285
0.7437870442113805,0.013673794907992285,0.24253916088062716
0.7645822113121229,0.006272540405948796,0.2291452482819283
0.741808834507053,0.014783059610782646,0.24340810588216424
0.739859326255953,0.014655346556396491,0.24548532718765048
0.7577026886543498,0.0077146870509160045,0.2345826242947342
0.7485793964883726,0.011851729836341578,0.23956887367528595
0.739718693673676,0.021923044215396988,0.2383582621109269
0.8719853577936614,8.719853577936598e-09,0.12801463348648512
0.6470435077120965,0.09603735595441243,0.2569191363334912
0.7409041983810676,0.018376768859880613,0.24071903275905202
0.7304749581367038,0.020758229074832733,0.2487668127884634
0.7356835070270471,0.016397818691707488,0.2479186742812454
0.7816046132242643,0.002748072386746252,0.21564731438898938
0.7151406555853779,0.03303367290995577,0.25182567150466634
0.7430040630311062,0.00825420738956929,0.24874172957932444
0.7523188780801912,0.009218110690923447,0.23846301122888533
0.6693885385098508,0.05778805065167258,0.2728234108384766
0.7543633511652453,0.012726380902846945,0.23291026793190767
0.7405926164793205,0.01808840094839954,0.2413189825722801
0.7415191244016064,0.0535175360368754,0.20496333956151824
0.7487913326675998,0.015153467410902403,0.2360551999214978
0.7480244566134217,0.00965491295098803,0.24232063043559032
0.7033794826673143,0.043317620988357376,0.25330289634432823
0.7349534534006014,0.01892127337060735,0.2461252732287912
0.5466853234710058,0.20684936448871058,0.2464653120402835
0.731631560293617,0.021994556665927964,0.24637388304045515
0.7632675084592367,0.0050920280525806215,0.23164046348818257
0.7445322618297809,0.016406523399993444,0.2390612147702257
0.7810951776792324,0.0047092847757219765,0.21419553754504542
0.6654946592182703,0.0999417401464655,0.2345636006352643
0.5351862642048634,0.2233527860237559,0.24146094977138077
0.7287102774488499,0.02117039450265515,0.250119328048495
0.7335995466289116,0.018208880441051786,0.24819157293003652
0.7413521862978278,0.020297156966095523,0.23835065673607655
0.7702755618902057,0.004678445128415551,0.2250459929813786
0.7416393750169586,0.017877576425225087,0.2404830485578163
0.6265941336097471,0.11390273380866706,0.2595031325815858
0.7605239590088155,0.007188241282742122,0.23228779970844235
0.7350932538998458,0.019193892457130313,0.24571285364302392
0.7482398405889649,0.0143658556957907,0.23739430371524436
0.6609135558407405,0.09600963155291742,0.243076812606342
0.7386008816498089,0.011691961099213118,0.24970715725097795
0.7319337289163087,0.01950606158670517,0.24856020949698615
0.6481523193072297,0.07579462203755094,0.27605305865521945
0.7231423181911576,0.04905641112353713,0.22780127068530515
0.7443584514727621,0.015729955081865095,0.2399115934453727
0.7310374605476965,0.04318697042293043,0.22577556902937315
0.6774564358063472,0.033982870383889,0.2885606938097638
0.6948757075450428,0.020816565773907596,0.2843077266810496
0.7641871825419856,0.0020518229312800817,0.23376099452673432
0.8181446048738074,8.181446048738321e-09,0.18185538694474673
0.7105887123631468,0.023878466574020926,0.2655328210628324
0.6528633803982878,0.07691696401561501,0.2702196555860971
0.6342716114566118,0.08660284057130427,0.27912554797208383
0.7161178994713078,0.014100999102941124,0.26978110142575107
0.7305328876720162,0.003501692775814586,0.2659654195521692
0.6992119288288162,0.025988257042883336,0.2747998141283005
0.7180367615840716,0.0077374826602427445,0.2742257557556857
0.6998684985883508,0.015743216659180943,0.28438828475246825
0.7743685361976913,0.0007425088230044529,0.22488895497930422
0.6892398216292328,0.03530816067393075,0.2754520176968364
0.6166253079090969,0.12037978015660054,0.2629949119343026
0.722460369260913,0.05311219796191688,0.2244274327771702
0.6276031146802853,0.10774912812285932,0.26464775719685546
0.7225966357158382,0.009132237081932415,0.2682711272022293
0.7161215810370417,0.018207375533814983,0.26567104342914316
0.6359168601397996,0.08834010992678246,0.27574302993341787
0.7174359938509748,0.022349127222108228,0.26021487892691697
0.5506601156648796,0.19805613363187433,0.25128375070324604
0.7002554368594912,0.01564394072889944,0.2841006224116092
0.6135435322223471,0.12511178809816484,0.2613446796794879
0.7268892323185009,0.009796713908199845,0.2633140537732992
0.8038944568633795,0.001550265840558618,0.1945552772960619
0.7330538498689395,0.017656647165716563,0.24928950296534388
0.6151683459872935,0.10722087174072659,0.27761078227197994
0.5752726278290047,0.15737577013951615,0.2673516020314791
0.5481474678959662,0.20746395732469664,0.24438857477933723
0.7141547136462966,0.012586030348476036,0.27325925600522755
0.6140636488267774,0.12347036082474132,0.2624659903484811
0.7591935926173673,0.0037801790687669794,0.23702622831386572
0.6874248436575956,0.02540258047260927,0.2871725758697952
0.5280332434103404,0.22358023967365298,0.24838651691600658
0.6432483712205268,0.07726195205959956,0.2794896767198735
0.6907065044135854,0.0565857101469957,0.252707785439419
0.7473784949324302,0.0030843981630536135,0.24953710690451614
0.5464816844059048,0.1958057324315567,0.2577125831625385
0.7553587670835507,0.002158549196190723,0.24248268372025863
0.7384658427253421,0.020541947613611822,0.240992209661046
0.5415396191201279,0.2089833449911519,0.24947703588872014
0.8104007824823884,0.001628267445764354,0.1879709500718472
0.6935316618080026,0.026620824270006706,0.27984751392199064
0.7644739688574872,0.0029622621316520914,0.23256376901086065
0.8135911088919527,8.135911088919628e-09,0.18640888297213615
0.7226113948433744,0.016319679290099438,0.2610689258665261
0.6788209329840239,0.05150493117008169,0.2696741358458945
0.5785043996461904,0.16374822022853597,0.25774738012527365
0.7189306783384741,0.00717938901176368,0.2738899326497621
0.7375356446726336,0.0028076705872694206,0.25965668474009707
0.7280610918049906,0.008799787845292256,0.26313912034971715
0.6575161542783191,0.07778703129514292,0.2646968144265379
0.6056216331209966,0.12878337315746077,0.2655949937215426
0.7514983504335369,0.00762625156791315,0.24087539799854985
0.6798197314700639,0.04689823414827612,0.27328203438166
0.6630968760729365,0.06888765223161322,0.26801547169545015
0.7068718997869721,0.07280509293903323,0.2203230072739946
0.6599986627094292,0.07278930412520943,0.2672120331653614
0.6780602500971856,0.05874528065332707,0.2631944692494872
0.5940252076302047,0.1489115221164685,0.2570632702533268
0.5533976050091575,0.18744020737739028,0.2591621876134522
0.7504624989497228,0.0070505837355413145,0.24248691731473573
0.6525315109963933,0.06319295028682304,0.2842755387167837
0.692898853526003,0.017510262051097944,0.289590884422899
0.6775437408447835,0.0536622453313155,0.26879401382390095
0.7352709255780882,0.00773892014893268,0.2569901542729791
0.8026434661532492,0.003953421078928163,0.19340311276782277
0.753648226211594,0.004643571388060986,0.24170820240034496
0.5664538561914367,0.17718443750463905,0.2563617063039243
0.6421151481574208,0.07675630828374,0.2811285435588393
0.6697975131473822,0.05121233405605172,0.278990152796566
0.7160123762994349,0.006621782000544659,0.2773658417000203
0.6608171724697147,0.07136804691599441,0.26781478061429104
0.7151675630118906,0.024504656115281017,0.26032778087282843
0.5070431894187325,0.24595471893505816,0.24700209164620934
0.6644811726665719,0.046199770001509266,0.2893190573319188
0.6039144081717942,0.13207501587544623,0.26401057595275973
0.7302042587289045,0.02173354650644714,0.24806219476464833
0.7245974303861393,0.022888223649650333,0.2525143459642104
0.6215673848724115,0.10548551999812761,0.2729470951294609
0.76628361014412,0.001347747742452627,0.2323686421134272
0.7427234930817493,0.020997681066579815,0.2362788258516709
0.6536720067375577,0.06086228927387882,0.2854657039885634
0.7865637851851869,0.012740034379146812,0.2006961804356664
0.6488644818990517,0.09990181228237441,0.25123370581857385
0.8327506579276961,8.327506579276945e-09,0.1672493337447974
0.6197942081775871,0.12537926563991966,0.2548265261824933
0.5764839675222517,0.1662627651247011,0.25725326735304727
0.6049691314829021,0.12024976057443107,0.2747811079426668
0.6721015006977588,0.06507915080418628,0.2628193484980549
0.5979614236448487,0.13724154790000112,0.26479702845515013
0.5661019496187399,0.1817484703721914,0.2521495800090686
0.7127144665422694,0.014496944875713392,0.2727885885820171
0.595757905622942,0.13352200761498229,0.2707200867620757
0.747196637042219,0.005868882598732708,0.24693448035904844
0.570282462579367,0.17333932350056117,0.2563782139200718
0.6376993777929725,0.09177046356799444,0.270530158639033
0.628110734309633,0.1558173326251977,0.21607193306516917
0.6572420870450385,0.07013133671787221,0.27262657623708947
0.702394111067113,0.020106476740658765,0.27749941219222835
0.7356810112682433,0.010948786761633498,0.2533702019701233
0.643549192242228,0.08398857889127763,0.27246222886649446
0.7532642474941617,0.0038456875758336125,0.2428900649300047
0.6664114916749505,0.05923345615311191,0.2743550521719377
0.6734782109778914,0.05165503921289033,0.2748667498092184
0.651414913126677,0.07732504679303326,0.27126004008028975
0.622635608093817,0.11991484039266849,0.25744955151351434
0.7780791475574652,0.011753037666745186,0.2101678147757895
0.7594962300675604,0.006470548312091395,0.23403322162034818
0.6273592939849555,0.09417412788323842,0.2784665781318061
0.6594592402556592,0.05228579204041014,0.2882549677039306
0.6814163678879175,0.05063307318748544,0.26795055892459696
0.6612502915975641,0.07327207923618378,0.2654776291662521
0.6427156320876787,0.08571607073402869,0.2715682971782926
0.7697805572264543,0.003043989492651927,0.22717545328089364
0.6921324868483671,0.030833391011525182,0.27703412214010775
0.681386369709676,0.04112255064778913,0.27749107964253494
0.6475357476231034,0.06453245663342688,0.2879317957434699
0.6905673178186982,0.05252910465173443,0.2569035775295675
0.7303307582671922,0.007246579124943207,0.2624226626078647
0.6720378126403346,0.04338496648450909,0.2845772208751565
0.753293958652514,0.005121376912929039,0.241584664434557
0.7275747684130133,0.02880502590073382,0.24362020568625295
0.6992984927395139,0.024945321738408775,0.2757561855220773
0.8180705581767512,0.0010440225550994806,0.18088541926814938
0.8792384963652692,8.792384963652677e-09,0.12076149484234593
0.6495926054609641,0.08156086136910594,0.26884653316992996
0.6769158906814007,0.06469777299221553,0.2583863363263838
0.7236561706008243,0.02593052081896699,0.25041330858020866
0.7090665314696558,0.035657078957370913,0.2552763895729732
0.620645269607258,0.12479094832805455,0.25456378206468727
0.6435198631522181,0.09818676567991336,0.2582933711678686
0.7475044341747241,0.002676869747240627,0.24981869607803517
0.7074417297900484,0.04092138724676519,0.2516368829631865
0.7337257209585007,0.014217955741124349,0.2520563233003749
0.6783769775036262,0.0625556338478776,0.2590673886484961
0.7152676241660467,0.02505442999812683,0.25967794583582654
0.695867680353877,0.08159420330583568,0.2225381163402872
0.716057961368466,0.02127038714212517,0.2626716514894088
0.7372739311226976,0.004705191143602895,0.25802087773369964
0.737873421761794,0.0036184827266640086,0.2585080955115419
0.7513413828068826,0.009667070825538044,0.2389915463675795
0.7499405338352575,0.006482439760241209,0.2435770264045013
0.760041560848326,0.005680577186803691,0.23427786196487024
0.7439026263333804,0.013495762764341229,0.24260161090227825
0.7148913411990307,0.022927651642748965,0.26218100715822024
0.6530850272005906,0.09742450888081534,0.24949046391859403
0.7291528361469846,0.05512772966648572,0.21571943418652972
0.7568919320677794,0.007400975698194898,0.2357070922340258
0.7360952002941007,0.01653382996233648,0.2473709697435628
0.7431771066023332,0.009626662612974936,0.24719623078469188
0.7712321361101384,0.004155299853631997,0.22461256403622964
0.7415138585637467,0.022674894619422136,0.23581124681683105
0.7162826829307111,0.023728681595103367,0.2599886354741856
0.7663603445318766,0.0033507123794491124,0.23028894308867426
0.7653606082922852,0.0033193328933091098,0.23132005881440565
0.7644454296176835,0.0034006799889206817,0.23215389039339582
0.7236545294542125,0.018317856404953776,0.2580276141408337
0.6511710296361187,0.06716855051085774,0.2816604198530236
0.724369887766197,0.003028219539490952,0.2726018926943122
0.7556402733476071,0.004830570089065691,0.23952915656332707
0.7280186383380322,0.021979644077049065,0.2500017175849188
0.6786668916585684,0.047124836054855714,0.2742082722865759
0.7729133120390435,0.0015505246320617813,0.22553616332889484
0.789152999800898,0.002666794283228281,0.2081802059158736
0.845854459248147,8.458544592481486e-09,0.15414553229330846
0.8309881656592016,8.309881656592031e-09,0.1690118260309167
0.8209401843625633,8.20940184362565e-09,0.17905980742803493
0.8433548167863931,8.433548167863915e-09,0.15664517478005877
0.8570971111585469,8.570971111585454e-09,0.14290288027048198
0.8444651945641882,8.444651945641868e-09,0.1555347969911599
0.8087544053353859,8.087544058933281e-09,0.19124558657707008
0.8211663641916168,8.211663641916183e-09,0.17883362759671959
0.8648308776443924,8.648308776444462e-09,0.135169113707299
0.8299484614257319,8.299484614257364e-09,0.17005153027478342
0.8282827207957095,8.282827207957228e-09,0.17171727092146344
0.870999342576651,8.709993425766556e-09,0.12900064871335562
0.8340604533125141,8.340604533125185e-09,0.16593953834688152
0.8160379369581824,8.16037937472177e-09,0.18396205488143821
0.837203023089855,8.372030230899487e-09,0.16279696853811496
0.8061335520653063,8.061335520653393e-09,0.19386643987335822
0.8719273044473685,8.719273044473701e-09,0.12807268683335843
0.8095268269031208,8.095268269031223e-09,0.19047316500161096
0.8320390683265584,8.320390683265569e-09,0.16796092335305085
0.8325087294503167,8.325087294503211e-09,0.16749126222459612
0.8580130171629079,8.580130171629063e-09,0.141986974256962
0.9103719635381272,9.103719635381256e-09,0.08962802735815323
0.8584280212328116,8.584280212328132e-09,0.14157197018290815
0.819241657250363,8.192416572503647e-09,0.18075833455722035
0.830713312969361,8.307133129693594e-09,0.1692866787235059
0.8110256815054355,8.110256815055377e-09,0.18897431038430773
0.8369584405941193,8.369584405941178e-09,0.16304155103629636
0.8300114782778406,8.30011478277848e-09,0.1699885134220447
0.8632638479450552,8.632638479450566e-09,0.13673614342230642
0.8099838158443669,8.099838158443741e-09,0.19001617605579507
0.8061191473953182,8.061191473953826e-09,0.1938808445434904
0.8371767168293583,8.371767168293569e-09,0.16282327479887457
0.8663352984116197,8.663352984116181e-09,0.13366469292502736
0.829391426155698,8.293914283942006e-09,0.17060856555038775
0.8136124273763974,8.136124273767834e-09,0.18638756448747845
0.8870679793593557,8.87067979359354e-09,0.11293201176996473
0.8874938587349839,8.874938587349823e-09,0.11250613239007763
0.8012957350272174,8.012957350282152e-09,0.1987042569598252
0.9047276251911711,9.047276251913207e-09,0.0952723657615527
0.6580367149610655,0.08838118144369352,0.2535821035952409
0.6682741721113185,0.07016611206030372,0.2615597158283778
0.6915922411490775,0.03747350821062682,0.27093425064029575
0.7117867139083975,0.031956181801061655,0.2562571042905408
0.5533983991719251,0.20225626389512286,0.24434533693295207
0.6981505488977002,0.026555760683914888,0.27529369041838486
0.6838872109508102,0.05732403185473028,0.25878875719445943
0.6957113340413578,0.043739805833054264,0.260548860125588
0.6463401105549357,0.10294331450879099,0.2507165749362734
0.6841756181296722,0.061436329266652406,0.2543880526036755
0.6244934863430649,0.16336820466532317,0.21213830899161187
0.7034786628290818,0.04200447846007452,0.25451685871084356
0.6930808694639772,0.03618024624023816,0.2707388842957847
0.6887569255368475,0.02556578135626182,0.2856772931068906
0.6734399429576302,0.06539175051707406,0.2611683065252957
0.6955093568584929,0.038400495640826406,0.2660901475006807
0.6834517619718603,0.0555443569500015,0.26100388107813816
0.7286489379146383,0.01522206847873421,0.25612899360662744
0.6958856802965409,0.050087327641610044,0.254026992061849
0.7295822332422041,0.027886033158696748,0.24253173359909924
0.7431295871530521,0.03655339310463679,0.22031701974231105
0.6700433606474497,0.07165936503835174,0.2582972743141987
0.6744093975713545,0.05986179756419976,0.2657288048644458
0.7011099242262283,0.030204671976180295,0.2686854037975913
0.6869468297453619,0.06121538039438554,0.2518377898602525
0.7252515898941143,0.02283172358590387,0.2519166865199818
0.6891625931647904,0.055676536877443124,0.2551608699577665
0.7177474077995943,0.024799651399214116,0.2574529408011915
0.7233405219998997,0.018522055203356928,0.25813742279674345
0.6886445920618741,0.04975179248108026,0.26160361545704575
0.7117853144921508,0.02765311501715982,0.2605615704906895
0.6547359635674167,0.07364477405446813,0.27161926237811507
0.6905193785951883,0.026069253940630914,0.2834113674641808
0.6906253979533016,0.043568811627622446,0.265805790419076
0.7209757976379928,0.017436086500961567,0.2615881158610456
0.7155870876367805,0.025840314915061096,0.2585725974481584
0.7054726922896732,0.034760824642005764,0.25976648306832095
0.7888473369401646,0.007786361167002345,0.20336630189283303
0.5599240897615898,0.1877801372682257,0.25229577297018446
0.69755066017166,0.04026146861936365,0.2621878712089763
0.6411265026406298,0.07723066046137242,0.2816428368979979
0.6171189552714894,0.126451867110662,0.2564291776178486
0.7065029356696838,0.02414987712355435,0.26934718720676193
0.6029422049492831,0.12925468233706722,0.26780311271364965
0.7530556896846164,0.006452518460895197,0.24049179185448832
0.5384613319923323,0.20707711432594517,0.25446155368172263
0.5288979934986602,0.21877804355063873,0.2523239629507011
0.5817859278737783,0.20706954373914055,0.2111445283870812
0.5423930225310719,0.20441522297481068,0.2531917544941173
0.6934994509880381,0.03460981299605609,0.2718907360159058
0.7277736682128867,0.024471931794186552,0.24775439999292675
0.6188128007387792,0.11936701589005186,0.26182018337116886
0.7438401904421278,0.012620231911025936,0.2435395776468463
0.6351690073297662,0.10077388607521648,0.2640571065950173
0.6919095071208222,0.03778380069360024,0.27030669218557757
0.5357540199047537,0.2126638501183656,0.2515821299768807
0.6211297946550244,0.1073616226383653,0.2715085827066104
0.7893818745977706,0.01010203817617741,0.2005160872260518
0.7549887335276013,0.009651864184742705,0.23535940228765598
0.5771455953825051,0.16711313939936243,0.2557412652181326
0.6100512706619958,0.12468684733952876,0.26526188199847545
0.6464156257598618,0.0958792006186825,0.2577051736214556
0.6926142046738853,0.04007831561548864,0.2673074797106259
0.5312502922769502,0.21619900335426023,0.25255070436878957
0.7714804129820819,0.004632917813248651,0.22388666920466943
0.6841009680146899,0.047073954779705815,0.26882507720560433
0.6444400763197533,0.08971578122817908,0.2658441424520676
0.5850744958078211,0.15050798700794393,0.2644175171842349
0.6206943203087921,0.1229646560493026,0.2563410236419053
0.7257062475186227,0.013211437365003267,0.26108231511637403
0.6132351655814771,0.12367114682640598,0.263093687592117
0.7611948467347389,0.005616145656594213,0.2331890076086667
0.6870492459197132,0.06476955064994419,0.24818120343034272
0.6690331021217933,0.06332046740745689,0.26764643047074976
0.7941158675297004,0.00451527096232549,0.20136886150797417
0.694042332750452,0.035567145839277434,0.27039052141027065
0.6936968842066853,0.030062257567827773,0.27624085822548705
0.6610218371948392,0.06587682013342532,0.27310134267173547
0.6684268844032297,0.05863416258128222,0.2729389530154881
0.5554888146065365,0.18595279881288726,0.2585583865805762
0.7417685123264688,0.010195436942005837,0.24803605073152543
0.5810653766239245,0.15783537527399757,0.261099248102078
0.5586805855251049,0.1881861576468857,0.2531332568280094
0.5980864508301702,0.18937489396837934,0.2125386552014505
0.5649879543840284,0.18120290270608377,0.2538091429098879
0.6663266226048276,0.06154718889117952,0.2721261885039927
0.6597194653837205,0.08583024535445559,0.2544502892618238
0.5309981552609325,0.2203148261087997,0.24868701863026774
0.7283410776578496,0.015584888747033586,0.25607403359511677
0.5988466292593941,0.13768643854088403,0.26346693219972184
0.669438165857431,0.04990700873224418,0.2806548254103249
0.5761378882313641,0.16662555832638185,0.2572365534422541
0.6766332472844011,0.05552529852352245,0.26784145419207633
0.7750232818265591,0.011169165401465118,0.21380755277197583
0.742351613455537,0.012452137235737482,0.24519624930872558
0.5065998057088335,0.24615898536187675,0.24724120892928966
0.5774648334242705,0.1582531453272804,0.26428202124844913
0.6179101713364109,0.12009796556214679,0.2619918631014424
0.6915908922349242,0.034651701433667206,0.2737574063314086
0.557474504927954,0.1890035175020469,0.2535219775699992
0.7381366450734768,0.01632385440487495,0.24553950052164827
0.5848730695083155,0.15712568719256223,0.2580012432991224
0.6176388279218873,0.11080679921354962,0.271554372864563
0.5432485821967978,0.20480174648320815,0.251949671319994
0.6582974476797645,0.08798484953710452,0.25371770278313094
0.7140100290227867,0.02345767676952002,0.26253229420769325
0.566700314242187,0.17132008986929698,0.26197959588851605
0.7474556432681944,0.0052930589529296985,0.24725129777887594
0.6998298096440647,0.06146893976683064,0.23870125058910457
0.6274769888676583,0.1027293356186901,0.2697936755136516
0.791893832499468,0.009791726505262898,0.19831444099526896
0.6603422310658122,0.0830218114886616,0.2566359574455262
0.6780659978184733,0.04508602161642203,0.27684798056510457
0.7231888008997626,0.00038005873593555096,0.2764311403643019
0.709520160910391,0.019696747822073316,0.27078309126753564
0.7684283018874086,0.0005974289848311406,0.23097426912776012
0.7268992192180476,0.014564154040176348,0.2585366267417762
0.7225992849246213,0.016080497165082232,0.26132021791029647
0.7384860031671704,0.024810817672145692,0.23670317916068387
0.729942092404078,0.013387725074247576,0.2566701825216745
0.729817028598902,0.0004407731230603462,0.2697421982780377
0.7255077389659014,0.0037179325347393463,0.2707743284993592
0.699142176993357,0.019967839228560873,0.28088998377808216
0.7491752820406845,0.007220473964048701,0.24360424399526673
0.6779854586047804,0.04699613419961492,0.2750184071956046
0.5530183752464033,0.20003672782350737,0.2469448969300894
0.7259490163319625,0.015513673364702604,0.2585373103033349
0.6374238595053954,0.11666096618459504,0.24591517431000953
0.7376517186798516,0.04752910356865863,0.21481917775148984
0.7277327111516358,0.014398089898923376,0.25786919894944077
0.6975339140583117,0.031216438398735773,0.2712496475429526
0.6665140328781317,0.06889235294893088,0.2645936141729374
0.707878486050504,0.01967454807035923,0.27244696587913697
0.5348934916863146,0.2254194100519734,0.23968709826171203
0.7229431823732952,0.016743666673809908,0.2603131509528948
0.751196685318238,0.0037530692954677466,0.24505024538629425
0.7190230591135244,0.007618276225304944,0.27335866466117076
0.7007998802007435,0.01914213514682509,0.2800579846524315
0.6956260933597473,0.04272125714117709,0.2616526494990755
0.6835818584096944,0.05872752959767215,0.25769061199263343
0.7514424027650207,0.00013182852498338474,0.2484257687099959
0.7182780439603222,0.01193668689719112,0.2697852691424866
0.6776263503661997,0.06350432087471672,0.2588693287590837
0.6812330118970723,0.078716131172403,0.24005085693052475
0.7157218003433007,0.00956441232266533,0.27471378733403395
0.8245022628588021,0.00022892864132414937,0.1752688084998738
0.6586171753178337,0.07769224121145603,0.26369058347071034
0.7509562201477012,0.0005310933559177552,0.24851268649638103
0.6845501760749523,0.036908006644176004,0.2785418172808717
0.7749536218708507,0.0005583546277458479,0.22448802350140337
0.6608387523305568,0.05080906227558019,0.2883521853938631
0.6871778025286203,0.024593607861477077,0.2882285896099026
0.727373303643171,0.04117468495151414,0.23145201140531485
0.6935663530531765,0.020717066709315043,0.28571658023750834
0.7418099053829253,0.0009100222355498322,0.25728007238152495
0.7709441191666301,0.0008530147300300623,0.22820286610333987
0.723132991098539,0.010372591709645086,0.26649441719181577
0.7811606565032994,0.0007872256152128581,0.21805211788148765
0.7239826096492735,0.011195941838431265,0.2648214485122952
0.6692127897414955,0.056192338153419896,0.2745948721050847
0.6896180359781457,0.023924832680259123,0.28645713134159523
0.5354982826851913,0.21487251002256347,0.24962920729224516
0.7876611066514588,0.011218497972426607,0.20112039537611454
0.7873923538953962,0.0011488358909755377,0.2114588102136284
0.7062046539175975,0.01968798229806535,0.27410736378433725
0.703115147111613,0.020907862540950437,0.27597699034743656
0.7383064562078121,0.006217671941620179,0.2554758718505678
0.6444484185097391,0.0976211293261945,0.2579304521640664
0.6876251496601907,0.02398357964991207,0.2883912706898972
0.799125357741977,0.0003076635766738323,0.2005669786813492
0.738501835232492,0.003130824158730797,0.25836734060877725
0.7311633522173459,0.005387539809029491,0.26344910797362464
0.6900586454977223,0.027398295549631274,0.2825430589526465
0.698733069788567,0.035827359076977504,0.2654395711344555
0.7572037483007003,0.00025816751961928793,0.24253808417968056
0.7254827103410502,0.005384760733539122,0.26913252892541073
0.7533015292391132,0.007070306449059259,0.2396281643118276
0.7122622085731549,0.0330121634256279,0.2547256280012171
0.7415950985710099,0.00211640489708051,0.2562884965319096
0.8206514771535871,0.00010372338633223538,0.1792447994600806
0.7055447881030282,0.010692291592568764,0.283762920304403
0.6744648461047806,0.05151252837408419,0.2740226255211352
0.7357865245350004,0.009909911515456742,0.2543035639495429
0.6121542407029998,0.13453320659963858,0.25331255269736164
0.6602329881057504,0.07611211563018304,0.2636548962640666
0.6267700059006969,0.14490271524815654,0.22832727885114668
0.6837192750498245,0.05109561685306397,0.2651851080971115
0.6936013767762669,0.01735455165431276,0.2890440715694204
0.7304624886479737,0.007134913237755887,0.2624025981142704
0.6850431221974027,0.04954368785086128,0.26541318995173596
0.7281288661291122,0.011555541176018631,0.2603155926948692
0.6762655276738805,0.05617705608093711,0.26755741624518253
0.7177053184533049,0.019767996341571968,0.2625266852051231
0.6694328297084968,0.06652793931407724,0.26403923097742593
