P_no_link,P_bonding,P_bridging
0.7367225253718969,0.011164569896794665,0.25211290473130843
0.7715757355594567,0.0047273713810112965,0.22369689305953197
0.7057748313534998,0.0006940748813952571,0.29353109376510494
0.6971830751276614,0.005731363694923156,0.29708556117741536
0.6861219496331489,0.012065168239551421,0.3018128821272998
0.6859785690333209,0.00849194407518861,0.3055294868914905
0.723645145136719,0.0015232862977129853,0.27483156856556784
0.6975274421946988,0.020827249382653384,0.2816453084226479
0.6882495120924617,0.016601942963261073,0.2951485449442773
0.8317543004167014,8.317543004166999e-09,0.16824569126575567
0.7093454769482533,0.007206964592324993,0.2834475584594216
0.7732317034271862,0.005257268133917157,0.22151102843889678
0.6906383472345442,0.013611978807594774,0.29574967395786095
0.7044996271164903,0.008084152702476295,0.28741622018103347
0.6868084015086126,0.020879581164196814,0.2923120173271905
0.6962228413345198,0.0073645757586640334,0.29641258290681616
0.7128097558180547,3.375628723046881e-05,0.28715648789471493
0.7396066926592392,0.002001693205364304,0.2583916141353964
0.7009870780713461,0.000586131723945834,0.298426790204708
0.7003698449371311,0.004824962723880269,0.2948051923389888
0.7071926278939363,0.007326886678393969,0.28548048542766963
0.6960918253800399,0.007157747029597475,0.29675042759036274
0.6862863326401794,0.007550840901142426,0.30616282645867826
0.7158956184660373,4.048454362767425e-05,0.2840638969903349
0.7042160651260577,0.0007452159977751044,0.2950387188761673
0.7589952700547083,0.0013958045063845862,0.23960892543890708
0.7067410385912707,0.005960812100124102,0.28729814930860526
0.6968940705776715,0.012978606365686365,0.2901273230566421
0.6793186318769723,0.023071429005300292,0.2976099391177273
0.6822225671892463,0.016299477209527704,0.3014779556012259
0.698999644666634,0.02293069778856604,0.2780696575447999
0.6879591479904341,0.017826263766149892,0.294214588243416
0.689293208504112,0.015715166496083958,0.2949916249998039
0.7066097853725045,0.006271857555961325,0.2871183570715342
0.7823790327549637,0.0016109042256159671,0.21601006301942044
0.7273068247426673,0.0007942472670378157,0.27189892799029497
0.7319940180406601,0.03776995755838597,0.23023602440095392
0.7004023625328811,0.006303313172553018,0.29329432429456587
0.7316475047158846,0.0003024506019960411,0.2680500446821195
0.7449723251705845,0.0007820002422849154,0.25424567458713043
0.7175936489627699,0.0021184731247452025,0.28028787791248494
0.7176100177443354,0.0050950484500406745,0.27729493380562387
0.7151418130737499,0.004148427872128608,0.2807097590541215
0.7166935883447221,9.631721233939516e-06,0.28329677993404395
0.710787112673649,0.004550157676918484,0.2846627296494324
0.7140061312973007,0.004450336607074322,0.28154353209562494
0.6968451063930257,0.01993012293462694,0.28322477067234736
0.6955967157860011,0.004309250568559841,0.30009403364543896
0.8019226911046206,0.00017606656503807411,0.19790124233034145
0.7160671058135604,0.003010254790361375,0.2809226393960782
0.6944961888738038,0.005476575167820698,0.3000272359583754
0.7557927970097671,0.005421193145382477,0.2387860098448503
0.6932949276725265,0.015702763125013546,0.2910023092024598
0.7795998646038561,0.006849525249679853,0.21355061014646404
0.7176065833065975,0.004139600121826586,0.2782538165715759
0.7230976250917811,0.00028073575515699596,0.276621639153062
0.7622624941280359,0.006367551436808996,0.23136995443515518
0.7071297937698057,0.0007297900888291218,0.2921404161413651
0.7039946825340851,0.0042020307502004675,0.29180328671571437
0.7394224922768702,0.003802725914463807,0.256774781808666
0.7005784013902774,0.0008764821625966317,0.29854511644712606
0.7072046708556293,0.0014538995733677622,0.29134142957100306
0.6997092904888883,0.012818815855435301,0.28747189365567627
0.6897554107061249,0.010647807781016027,0.2995967815128591
0.7142932079686533,0.004911105299103592,0.2807956867322433
0.7428120117365793,0.00028677388006494224,0.2569012143833557
0.7150139376235795,0.002874985818711301,0.2821110765577093
0.7411301990363421,0.0129712779377464,0.2458985230259114
0.7184099059876248,0.005266513480075353,0.2763235805322999
0.8026266231198861,0.0005469808236814932,0.19682639605643246
0.6886489133253125,0.011501297359845305,0.2998497893148421
0.7210990994897802,0.0031985650819934767,0.2757023354282263
0.6980563013849016,0.006161444534178498,0.29578225408091974
0.7133566736439283,0.0069007477283012115,0.27974257862777036
0.7142012466684756,0.00041502030834249357,0.28538373302318176
0.6934975374079304,0.021105420897985023,0.2853970416940847
0.7098930056650703,0.004077237582280537,0.2860297567526491
0.7944768656481884,0.002134319997623483,0.20338881435418812
0.681972608607193,0.028309367244786447,0.2897180241480205
0.6978569174852093,0.0061351359167428655,0.2960079465980479
0.7193984877963214,0.008285719931403203,0.27231579227227537
0.6942798551003445,0.01236041206789679,0.29335973283175865
0.7219084088453936,0.001310568414077351,0.2767810227405291
0.7053033608281666,2.4100892336041795e-06,0.2946942290825998
0.7288479093749005,0.01442937161188464,0.256722719013215
0.696174382111557,0.012343476505966677,0.29148214138247636
0.7033565235621171,0.009043050475459117,0.2876004259624238
0.7086931125777242,0.006307698217904052,0.28499918920437173
0.6887195038906162,0.013324199823630756,0.29795629628575304
0.6858445430984728,0.006767612866023018,0.3073878440355042
0.8067013751129435,0.0035049232475281196,0.1897937016395285
0.7038078193139775,0.009115995608667797,0.2870761850773548
0.7646695966483609,0.0052763843700092935,0.23005401898162983
0.7111177393780124,0.023007158331369588,0.26587510229061795
0.7753694163522937,0.004335352107687771,0.22029523154001857
0.7021426646115603,0.0006873097865014026,0.29717002560193834
0.6934951908588312,0.008755298573274973,0.29774951056789384
0.6578706563489973,0.03697241293650555,0.30515693071449707
0.6910775750252915,0.010145708188631997,0.2987767167860763
0.7097094270061112,0.06148776029834288,0.22880281269554592
0.7565933729472434,0.0005865813527478393,0.2428200457000088
0.7155413537159565,0.016377034339308007,0.2680816119447354
0.7312768461923183,0.012408488445205104,0.2563146653624767
0.7258748157135944,0.014202888260250094,0.2599222960261557
0.7070478935454171,0.01269660672146401,0.28025549973311886
0.7403385285103782,0.007870892905558452,0.2517905785840633
0.7104580279975121,0.010303700838981043,0.27923827116350675
0.852674566553892,8.526745665538905e-09,0.1473254249193624
0.6666636466401424,0.04653155010565084,0.2868048032542068
0.8233487292969792,0.0010591306013533828,0.17559214010166735
0.7420597215132317,0.009940032637511512,0.24800024584925676
0.7698521490129404,0.00014033201129933623,0.2300075189757604
0.7012865327112903,0.006598947775054488,0.2921145195136552
0.709947611729515,0.01809529317779554,0.2719570950926894
0.7586882603268962,0.00036941933446554267,0.24094232033863822
0.7234078152423536,0.009557252139623941,0.2670349326180223
0.7279530513653997,0.00263133496214234,0.26941561367245803
0.7239106598071328,0.011293789340142414,0.26479555085272477
0.7303368229372796,0.019249243799932935,0.25041393326278755
0.7198060694991059,0.013190252136879157,0.26700367836401495
0.7070673241870881,0.02625152853822712,0.2666811472746848
0.7235546245477977,0.00210490693716197,0.27434046851504024
0.7305295569445516,0.0038823861777228514,0.2655880568777256
0.7283811966314591,0.020882757280493793,0.2507360460880473
0.7144637786778398,0.025413927178664253,0.2601222941434959
0.6475774914547456,0.0637844627352612,0.28863804580999314
0.7532052791656075,0.001016973717161538,0.24577774711723088
0.7048083245787609,0.03653314683566529,0.2586585285855739
0.7084708893006788,0.008233364907317438,0.2832957457920038
0.7364668550970763,0.0022030857820054014,0.26133005912091817
0.655215020416417,0.060601490145426054,0.2841834894381569
0.6704936287488129,0.03981659142774606,0.2896897798234411
0.8316387087600001,0.0005014807668129508,0.16785981047318693
0.6953170503607896,0.01963081442846686,0.28505213521074363
0.7989991472869522,0.002927702754215388,0.19807314995883252
0.7156132138686385,0.019568465057822546,0.264818321073539
0.7570161643271842,0.000544208592330119,0.24243962708048566
0.724870716262259,0.008646501507421925,0.26648278223031896
0.6818038126460533,0.03308537449569194,0.28511081285825474
0.7707489015245256,0.0023330936408857616,0.2269180048345886
0.7228035386369231,0.008181501860353194,0.26901495950272375
0.7344021852668956,0.0006201784134308598,0.26497763631967347
0.6955660743396967,0.03935989195700296,0.2650740337033004
0.7157928599570538,0.0027268419645862297,0.28148029807835995
0.7661464445303815,0.002347584087738879,0.2315059713818797
0.6759713876861453,0.042980480275590115,0.2810481320382645
0.8038569515952717,0.004299148501862097,0.1918438999028662
0.6646572671871551,0.04991163634509774,0.28543109646774717
0.7128846945596776,0.01775646309780113,0.2693588423425212
0.7939967255248119,0.01195002969611828,0.19405324477906968
0.7590169088102211,0.002270929213298045,0.2387121619764808
0.8303974264203181,0.0013521977170568213,0.16825037586262506
0.7697718774655863,0.0006434422654523108,0.22958468026896142
0.7042471765300861,0.005693065611498178,0.2900597578584157
0.7772700535058915,0.019919738659859677,0.20281020783424886
0.7545163551412241,0.0011239161045045105,0.2443597287542714
0.7220359037510345,0.015506070833711253,0.2624580254152542
0.7900397037625722,0.0010156461284599604,0.20894465010896796
0.7275299681528734,0.003253184422832396,0.2692168474242942
0.7186268584948338,0.01116778856311917,0.27020535294204706
0.7046449748135959,0.009033004246844792,0.28632202093955944
0.712206251290868,0.01762020221019645,0.27017354649893566
0.7123234981222538,0.003543453093899175,0.28413304878384704
0.7919613396146331,0.00011590172873381408,0.20792275865663315
0.682020479857291,0.03385805117141648,0.2841214689712925
0.791264078993912,0.010322859941680142,0.1984130610644078
0.745369003573761,0.00037669521117309087,0.25425430121506576
0.8432822829361089,0.0005428830109832541,0.1561748340529079
0.7185561823185092,0.01136407611945579,0.2700797415620349
0.7181891070379897,0.002535226225973991,0.2792756667360364
0.690984624868384,0.03367327559751387,0.2753420995341022
0.7508421424402357,0.015429228928422823,0.23372862863134145
0.7656528829366243,0.00026955592743376785,0.23407756113594205
0.7477933374567736,0.0017365428755994454,0.250470119667627
0.7025017187100999,0.01725769222570166,0.2802405890641985
0.7685125717625061,0.017773207764412623,0.2137142204730813
0.7251846785709986,0.014412217934235623,0.260403103494766
0.7128651689857255,0.01393880852735439,0.2731960224869201
0.6620264442461803,0.0633499736428979,0.2746235821109218
0.7385202806947192,0.0034012842692276364,0.2580784350360532
0.7689118419524715,0.00013056240963526782,0.23095759563789323
0.7502616927061814,0.0001223880225780058,0.2496159192712408
0.7755704561679604,0.0035389628781412365,0.22089058095389835
0.648413480265115,0.06382926759035577,0.28775725214452913
0.6693498266112001,0.0465803787950801,0.2840697945937198
0.6829767189178824,0.033885064195972876,0.2831382168861447
0.7239256366686615,0.00492012750764078,0.27115423582369774
0.7112020092190919,0.02352205794438185,0.26527593283652606
0.8355567281702483,0.004027792209091927,0.16041547962065977
0.6677501665268788,0.04792369319939988,0.28432614027372133
0.8062730667334762,0.01047551179260537,0.18325142147391846
0.7196926601967321,0.008747429748518812,0.27155991005474917
0.7937513397381251,0.013484214493998378,0.19276444576787652
0.7398407566243351,0.003343022432868327,0.2568162209427965
0.7133803887993694,0.014861739340091079,0.27175787186053957
0.736944026140446,0.008444995055418982,0.25461097880413497
0.7244604210946608,0.008035973908837857,0.26750360499650133
0.7676685577731887,0.00046317702064098474,0.2318682652061704
0.7208076218225372,0.020345007759873666,0.258847370417589
0.7432410517227392,0.012106901602625657,0.24465204667463517
0.7329709719147078,0.01652618113844313,0.250502846946849
0.7204003881427928,0.010515141844120363,0.2690844700130867
0.7548550936130758,0.0046640647763138005,0.2404808416106104
0.726103810612278,0.005117941659777683,0.2687782477279443
0.8586661838773513,8.586661838773498e-09,0.14133380753598684
0.6801803968598601,0.042611191107743356,0.2772084120323966
0.8361468718202224,0.0007784944647457865,0.1630746337150318
0.7606472757620253,0.007174364288578991,0.23217835994939576
0.7834923438266511,4.829154446617679e-05,0.2164593646288827
0.7220065317271139,0.001954640628091848,0.27603882764479415
0.7218239254419863,0.018206306329543245,0.25996976822847045
0.7674107037689741,0.0006473055282871154,0.2319419907027386
0.7364296056179519,0.006639691849887353,0.25693070253216077
0.7418564598197352,0.0025521766670159466,0.2555913635132488
0.734370471602862,0.011338587994917666,0.2542909404022203
0.7393884286581189,0.020679461403504483,0.23993210993837666
0.7311899583457234,0.011984873570237338,0.25682516808403916
0.7157794765547012,0.02825822064118578,0.25596230280411314
0.7310986474922507,0.00380152193942145,0.2650998305683279
0.7401271864524595,0.004259998195251119,0.2556128153522894
0.7359928445663123,0.02414203649467981,0.23986511893900805
0.7211947655603224,0.03074567714443259,0.24805955729524493
0.6700056706588823,0.05430847317235968,0.275685856168758
0.7659426936420718,0.00036583569515122164,0.23369147066277693
0.7229030982958486,0.033170599458160706,0.24392630224599074
0.7295616591024331,0.002823638007675919,0.267614702889891
0.7495820827356725,0.0008822759807747798,0.2495356412835528
0.6792774889479967,0.04905458732186268,0.2716679237301407
0.6854776624531848,0.03316425146470123,0.28135808608211405
0.8424161549374932,0.0004847156266698236,0.15709912943583706
0.6941633995007889,0.03152857374227028,0.2743080267569408
0.816073494685125,0.000940014714001519,0.18298649060087327
0.7245723362327962,0.021341536114823645,0.25408612765238026
0.76749544161234,0.0005676673975577169,0.23193689099010242
0.7358498493456059,0.007726074835203344,0.25642407581919074
0.679381630370404,0.047213942175408335,0.2734044274541878
0.7825922704328625,0.0019571838200852306,0.21545054574705233
0.7354187155608773,0.007518480870066501,0.2570628035690562
0.7425115652287729,0.001385791737110702,0.25610264303411634
0.696926236897327,0.048599895856797616,0.25447386724587534
0.7288559568489453,0.0013969462023394625,0.2697470969487151
0.7791287883088094,0.0012053943309144229,0.21966581736027613
0.6817963701775654,0.051462859375312954,0.26674077044712163
0.811500818279812,0.005824951301404536,0.18267423041878345
0.6633517471145638,0.06200324093750101,0.2746450119479353
0.7227426022476617,0.019376168643245185,0.25788122910909306
0.8023486459145044,0.013676955070062852,0.18397439901543283
0.7720204830773391,0.0010744648549387505,0.226905052067722
0.8457753752544591,0.0009436595147956771,0.15328096523074525
0.781647414479229,0.0004724958160670573,0.217880089704704
0.7137021637566198,0.006009348195938838,0.2802884880474414
0.7854172805037763,0.022132988956775627,0.192449730539448
0.7645057195701065,0.001081530890119362,0.23441274953977403
0.7291877521990343,0.019305377438891165,0.2515068703620746
0.8015678309786114,0.0008322870686219212,0.1975998819527667
0.7406038272333659,0.0030169311505654317,0.25637924161606873
0.7256984455933386,0.015161103009048965,0.25914045139761255
0.7200097276529421,0.004225310808373045,0.2757649615386848
0.7266596508650079,0.01518242197520329,0.25815792715978875
0.7256182592366061,0.0018373618719336065,0.27254437889146027
0.8021605784588914,0.00010110422018687715,0.19773831732092176
0.6833645948920614,0.04464098759745421,0.27199441751048437
0.8055806137885361,0.007641459419665118,0.18677792679179891
0.76339781079978,0.00010574528967134747,0.23649644391054864
0.8502251930444419,0.0008239091522547764,0.14895089780330328
0.7363247736203081,0.00794638060074155,0.25572884577895016
0.7311979726834525,0.0012885796168880274,0.26751344769965946
0.6958431573782221,0.040529581985992,0.2636272606357859
0.757288757651946,0.01846289162694488,0.2242483507211091
0.7767111571201771,0.00021294791156947784,0.2230758949682534
0.7608764357375902,0.0006290884836141372,0.23849447577879568
0.7148559032863532,0.015528153324218365,0.2696159433894285
0.7797040509222262,0.017014591117027626,0.2032813579607463
0.7472889494096624,0.008029582733951313,0.24468146785638636
0.7259050686389616,0.011461059828894237,0.2626338715321441
0.6755217019032504,0.06004339284294007,0.26443490525380947
0.7517977240479307,0.00197420831623123,0.24622806763583813
0.7810425385081533,6.72547047195862e-05,0.218890206787127
0.7584593198805984,0.0003004607602537985,0.24124021935914772
0.7887805101740697,0.001981457973731064,0.20923803185219925
0.6710801432896406,0.054410203514166824,0.27450965319619247
0.68366112906813,0.04148795648558472,0.27485091444628523
0.6947671159656122,0.03307773762821327,0.27215514640617444
0.73789783291916,0.002424583623915029,0.25967758345692504
0.7194371584813005,0.026017958353764355,0.254544883164935
0.8458049229081108,0.0036928142778935376,0.15050226281399567
0.6819625518208067,0.04306115570424014,0.27497629247495314
0.8155046620616924,0.011004602596746939,0.17349073534156081
0.7416201368892006,0.0029562513075380905,0.2554236118032613
0.8007057531520675,0.01747774585450537,0.1818165009934272
0.7490389816893909,0.0038889604218400446,0.24707205788876893
0.7271578471637028,0.011858761150923472,0.26098339168537377
0.7577620150566065,0.0041342508128778726,0.2381037341305157
0.7430821407623768,0.005290688246690086,0.25162717099093324
0.7014198105063658,0.00043873213788871206,0.2981414573557456
0.6754785304628348,0.009269406267569818,0.3152520632695953
0.691754269644972,0.000621021320167987,0.30762470903486
0.7251951430699803,0.00845873138972392,0.2663461255402957
0.6982526887566869,0.012460579255934164,0.28928673198737886
0.7019949649509472,0.009348795664188987,0.28865623938486384
0.824501653767059,8.245016537670575e-09,0.17549833798792447
0.7205740304714116,0.002952208260652807,0.27647376126793555
0.7737412465866592,0.002068089379357755,0.224190664033983
0.6880656010000555,0.013902038167655633,0.29803236083228873
0.7209946762309605,0.00020472191802070085,0.2788006018510187
0.7370569265040121,0.000295397054343312,0.2626476764416446
0.6963253441765954,0.005425538009477314,0.2982491178139273
0.6884120458489006,0.007511385594209013,0.3040765685568905
0.7306446857807015,0.012736259985744246,0.2566190542335543
0.6877156135458543,0.01363787586977723,0.29864651058436853
0.6757955504008688,0.020362277938966195,0.30384217166016503
0.716006170153697,0.005962548831796419,0.2780312810145066
0.6816198814426062,0.01559501270191658,0.30278510585547713
0.688859785242101,0.009845798350842745,0.3012944164070562
0.7050164825217674,0.0034668673314241834,0.2915166501468084
0.673779453616683,0.026330306240924424,0.2998902401423925
0.7477839096644361,0.007077710520915955,0.24513837981464798
0.7104688271933302,0.003852276070997179,0.2856788967356727
0.7321783579517509,0.0004423859456171194,0.2673792561026321
0.6972623178162453,0.0023446692531838066,0.300393012930571
0.7130793835081142,0.003256362200542571,0.2836642542913433
0.7419852974135361,0.000721689319415187,0.2572930132670488
0.6872469384869945,0.009322505632139648,0.3034305558808659
0.7310784951327544,0.00038870199942109913,0.26853280286782455
0.719781993084534,0.004556999869442429,0.2756610070460235
0.7720401923055787,0.001758256716278375,0.2262015509781429
0.7244119167635766,0.0004940033519172226,0.27509407988450624
0.7826649053906432,0.0006727900929046772,0.21666230451645216
0.7061634628307443,0.00560860715775088,0.2882279300115048
0.7162482234802207,0.005520950260366574,0.27823082625941287
0.73393754233999,0.010766786002281982,0.2552956716577281
0.7205943208091135,0.000533127295406763,0.2788725518954798
0.6747619620862265,0.02672166104931329,0.29851637686446025
0.7163378519068759,0.002422197520118727,0.2812399505730053
0.699068992214955,0.0035808235712861676,0.29735018421375886
0.7226307103996353,0.0027168418181792594,0.27465244778218545
0.719486839589404,0.0008593656841809055,0.2796537947264153
0.6967508825192288,0.009406162818735502,0.29384295466203575
0.721636204238082,0.0003316921446559496,0.27803210361726205
0.7865540493074475,0.008847090757206764,0.20459885993534566
0.7277299910092158,0.000673558531720764,0.27159645045906355
0.6877570498210913,0.01126746217110101,0.30097548800780766
0.7518886797443655,0.011015072784019352,0.23709624747161528
0.682156706412337,0.015573305725793126,0.30226998786186987
0.7910905367164094,0.0014627198740060675,0.20744674340958458
0.7125665280971699,0.0024081543917424137,0.2850253175110877
0.7139281205357243,0.007583640117389342,0.27848823934688643
0.7661969626550008,0.006362954714307145,0.22744008263069201
0.67471884171807,0.021597675647449115,0.303683482634481
0.7039209338461309,0.004453298984702334,0.2916257671691669
0.7336674987093571,0.0027903155125439598,0.2635421857780989
0.6843448952149351,0.01668030001185024,0.29897480477321464
0.6916415118727792,0.01180019257959564,0.296558295547625
0.7147149858030853,0.003919490073848807,0.2813655241230659
0.6898404203798985,0.00964494541636211,0.3005146342037394
0.7200083687147437,0.000905080028512569,0.2790865512567437
0.7077257431395771,0.01032494735045715,0.2819493095099656
0.7162700125759058,0.0012496439192207491,0.2824803435048736
0.7291156563201779,0.02161071237813736,0.24927363130168473
0.759114142739426,4.0294682367051844e-05,0.2408455625782069
0.7839027825571552,0.0005425829566516187,0.2155546344861932
0.6840281468503991,0.015201103911718783,0.3007707492378821
0.7265718430474823,0.00041096676586074,0.2730171901866569
0.7052761023601269,0.0027333823567725715,0.2919905152831005
0.7067104437071385,0.004944994273588331,0.28834456201927305
0.6456448054461349,0.05162408060662713,0.30273111394723795
0.7093947176465464,0.0018290490771096205,0.288776233276344
0.69667186809763,0.01376407112357438,0.2895640607787955
0.7795899371186322,0.010634988123884307,0.20977507475748353
0.7058615183855707,0.008882328412766536,0.28525615320166287
0.6823511689023227,0.0231840279868077,0.29446480311086953
0.7439588447391682,0.0006113222004175602,0.25542983306041434
0.6807224599893881,0.009576973179911482,0.30970056683070046
0.718694970929263,0.0018956635102803212,0.27940936556045665
0.6917978284039809,0.0007481358633859983,0.30745403573263325
0.7174127149070514,0.009159349863842826,0.2734279352291057
0.7321543942715252,0.0004804364323950565,0.2673651692960798
0.7160807606163044,0.0042360311244959755,0.27968320825919957
0.7111230816173011,0.004544450618052485,0.28433246776464643
0.69732503233901,0.006760488232758007,0.29591447942823207
0.6864033787325378,0.01059147136066526,0.30300514990679694
0.7587049888463033,0.030131157943248676,0.2111638532104479
0.7171931005218035,0.003696195587962721,0.2791107038902337
0.7340615357692766,0.0271182594275996,0.23882020480312388
0.7565503192756637,0.0006349656506392669,0.242814715073697
0.7664869013929703,0.0027800254369092265,0.23073307317012054
0.6916379543532291,0.015392343751336104,0.29296970189543503
0.6854569985035392,0.018001971504121035,0.2965410299923397
0.6916324896088839,0.0028096306263309325,0.30555787976478527
0.683772255736069,0.014264954555673757,0.3019627897082572
0.6675680690621173,0.02717069181791662,0.305261239119966
0.6415009365148283,0.053014548990167054,0.3054845144950047
0.718529351846059,0.0013595300899061568,0.2801111180640348
0.6861449415770365,0.010130292166752725,0.3037247662562107
0.6978201839355055,0.002097307564251432,0.30008250850024304
0.8321338558921735,8.32133855892172e-09,0.1678661357864879
0.699393809005082,0.00920416576878765,0.2914020252261303
0.7732501935230405,0.0015388487707066628,0.22521095770625274
0.6938806364884711,0.010513391893274876,0.295605971618254
0.7186017875450897,0.0001016307499585201,0.28129658170495175
0.7187448959840909,0.0003538939010733955,0.28090121011483576
0.6823065380892602,0.01718143086456976,0.30051203104617
0.7075063377274475,0.00042948118422918936,0.29206418108832327
0.7345470506645795,0.0007352321496156289,0.2647177171858047
0.683992150250046,0.0016979348146352621,0.3143099149353186
0.6701476524633536,0.015031456318588534,0.31482089121805795
0.7097954677700951,0.013245318284574663,0.2769592139453302
0.6640929222610296,0.01705334005895134,0.3188537376800192
0.6857008025390928,0.018902620395236103,0.2953965770656709
0.7214858305046126,0.0005221564341106699,0.27799201306127674
0.6849526686895103,0.002912482372847989,0.3121348489376418
0.74720499594847,0.003852197739850908,0.2489428063116792
0.673632875506877,0.03551403970858545,0.2908530847845375
0.6911324089966503,0.016543371891491677,0.2923242191118579
0.7015700732623528,0.000611869721047136,0.29781805701660014
0.6884876037986021,0.027060899348119533,0.28445149685327825
0.7234456022577849,0.0006407404116103817,0.2759136573306049
0.6827227486024786,0.001553500325405425,0.3157237510721161
0.6881220899703835,0.01896425548367981,0.2929136545459366
0.7000670951657443,0.005931270334027893,0.29400163450022787
0.785978361788157,0.0008885989813546287,0.21313303923048832
0.7052998263729751,0.008932971340079575,0.2857672022869456
0.7612345560658792,0.0014330413881142381,0.23733240254600663
0.7042918131510969,0.010784625127940508,0.2849235617209627
0.7421527664880133,0.00015185390099479616,0.257695379610992
0.736924564613295,0.0007605455871158261,0.26231488979958917
0.689396920437594,0.018723044576215993,0.2918800349861899
0.7146613445460368,0.0034303601386388104,0.28190829531532424
0.7306725825603081,0.0022080446352423697,0.2671193728044496
0.703533075823947,0.00048662944915847325,0.29598029472689463
0.6781566276292164,0.031173783433067908,0.29066958893771566
0.7192232025202183,0.00042403988914295736,0.28035275759063866
0.7106818050289974,0.0021252500945606956,0.287192944876442
0.6948924420510391,0.018792801921271675,0.2863147560276893
0.8090217592269698,0.0006595616045953829,0.19031867916843467
0.6923607588055859,0.015510716975398691,0.29212852421901536
0.6756820458773755,0.019637811880694987,0.3046801422419296
0.7577546821670506,0.012696752992432538,0.2295485648405169
0.7046972661959815,0.0015714949670910543,0.29373123883692737
0.7864035400919893,0.0016274420691818538,0.2119690178388288
0.7142677074153932,0.0012306194593570735,0.2845016731252496
0.7136531083869918,0.0005298785642506165,0.28581701304875756
0.765354954288825,0.011672650425799869,0.22297239528537496
0.698789997670488,0.0010505654229636793,0.30015943690654834
0.7044351409827805,0.01186732924345095,0.28369752977376855
0.7350510843547536,0.001477482777995637,0.2634714328672507
0.682767662991211,0.002098649861721628,0.31513368714706735
0.6903931880113066,0.01031649594609306,0.29929031604260053
0.7086632388624504,0.0010339259959062919,0.2903028351416434
0.6614948770603973,0.022062953873651564,0.31644216906595113
0.7197523090296823,0.0004849946107394268,0.2797626963595781
0.7361374614824777,0.00012222373153008298,0.2637403147859922
0.6906540482888209,0.01761577957786903,0.29173017213331004
0.739948649666202,0.010147627837015661,0.24990372249678233
0.7589289784490943,1.9192782038244213e-05,0.24105182876886738
0.7877103360441466,0.0022999916592133223,0.20998967229663998
0.6723881914545347,0.009959919256042556,0.3176518892894229
0.725605592409057,0.0002620931819246532,0.2741323144090185
0.6654917968358098,0.03465483088805308,0.29985337227613706
0.6778293412204947,0.038966828798889755,0.28320382998061566
0.712695282957685,0.0001588628863926034,0.28714585415592236
0.6965117443438832,0.001123119706188447,0.30236513594992837
0.7034240907097685,0.0044919564693721705,0.29208395282085925
0.7869856248870952,0.002567925866442006,0.21044644924646286
0.6876324602126326,0.009756364179062543,0.30261117560830486
0.6924560753102593,0.0058867345789878275,0.3016571901107528
0.7046399481019966,0.014214302337466862,0.2811457495605365
0.6836495220350558,0.003922754412624455,0.3124277235523196
0.7423605695002312,3.919358775282785e-05,0.257600236912016
0.6968582306465315,0.00020308737894213984,0.3029386819745264
0.7194217154477189,0.004108893042161304,0.2764693915101197
0.6917228731327408,0.01637303526623367,0.29190409160102554
0.6933922356204207,0.011374306846623128,0.2952334575329561
0.6978569082825558,0.010360625406800765,0.29178246631064353
0.6979003806282361,0.001649478205522346,0.30045014116624164
0.6841726508224618,0.019384223601841576,0.2964431255756965
0.7821052372456431,0.006259994866975443,0.21163476788738153
0.6934658229590114,0.011804222684750855,0.2947299543562377
0.7556083322147563,0.013363711230016381,0.2310279565552272
0.7379631093085631,0.0006088797461110563,0.26142801094532575
0.7297770038767667,0.03571309490809952,0.23450990121513388
0.7093466588995799,0.0015788177326014612,0.2890745233678186
0.689501156036067,0.007775916281458311,0.3027229276824748
0.6899921885911412,0.007732159820281891,0.3022756515885769
0.6780209876857315,0.00747844638745866,0.31450056592680975
0.6538658084116634,0.03404184124386633,0.3120923503444702
0.7257242822616784,0.005480361759805446,0.26879535597851606
0.6763686067076274,0.033453145321705284,0.29017824797066727
0.6931985757760674,0.013065872909756988,0.2937355513141757
0.8229679638086078,8.229679638086063e-09,0.17703202796171263
0.6968271365186884,0.016358147897145466,0.28681471558416616
0.7536900141446048,0.011627829632569715,0.23468215622282537
0.6662964401894013,0.03470118775471497,0.2990023720558836
0.7104385030748355,0.0015400479839891921,0.2880214489411754
0.7284415643896229,0.0013168137180926119,0.27024162189228446
0.6699554973264348,0.03643310157096659,0.2936114011025986
0.6908286200138622,0.0029787659182663032,0.3061926140678715
0.7373840981660719,0.0051101451621976424,0.25750575667173065
0.6910960505975966,0.006562676338748871,0.3023412730636546
0.6531061264787174,0.04123553644300433,0.3056583370782783
0.6804739327041753,0.03706844563708505,0.2824576216587397
0.6564271262690117,0.039588368786938465,0.30398450494404977
0.6525829681955639,0.04500192211892855,0.30241510968550744
0.7054322669209614,0.002024994579881345,0.29254273849915724
0.6804384899378723,0.013280493948542504,0.3062810161135851
0.7426361764594553,0.011459510428034177,0.24590431311251038
0.6718816872102663,0.04316247367879146,0.28495583911094224
0.7076494420815064,0.011684532621396878,0.2806660252970969
0.686042942237735,0.0072874602198664765,0.3066695975423985
0.6750930895189275,0.03652078455589774,0.28838612592517465
0.7323515524131495,0.0027641832858317852,0.26488426430101863
0.6817590000889928,0.011627887089920937,0.30661311282108633
0.7063825312780151,0.011902828892005784,0.28171463982997924
0.7045828123967927,0.012909722889248123,0.2825074647139594
0.7616969136231451,0.009963544945828089,0.22833954143102678
0.7133415610881564,0.008447851789224041,0.2782105871226196
0.769702893299795,0.005203047606488458,0.2250940590937165
0.6739344809160354,0.03251277432075352,0.2935527447632111
0.7218440538300073,0.003356919734827111,0.2747990264351656
0.738298027285375,0.004317485943026661,0.2573844867715983
0.7014406545311483,0.013606325600054963,0.2849530198687968
0.6716898486847291,0.03542876183640112,0.2928813894788698
0.7058473272847261,0.012554546984430936,0.28159812573084286
0.7064591952131517,0.0015426081321537144,0.29199819665469473
0.6904278928281458,0.028784805370554327,0.28078730180130007
0.719180253530001,0.002760705541194963,0.27805904092880407
0.6797727568857316,0.022113047784578014,0.2981141953296904
0.6989731205612414,0.011448536595700696,0.28957834284305783
0.790661675799507,0.003830717846624505,0.20550760635386853
0.7045596185824817,0.011841307204524839,0.2835990742129935
0.6589366138585053,0.04421136836530708,0.29685201777618764
0.7153291478721489,0.04652495461618815,0.23814589751166304
0.6759138412287968,0.017792125262720827,0.3062940335084823
0.770057109765709,0.01075470383546447,0.21918818639882662
0.695717214416549,0.011110981524942281,0.2931718040585086
0.7163638178429557,0.002686306856644573,0.2809498753003997
0.7300700796634859,0.036031714815700354,0.23389820552081372
0.6830741089024472,0.009649772480458537,0.30727611861709425
0.6745613392261999,0.03294991961180756,0.2924887411619926
0.7129955833409981,0.013016322154847295,0.27398809450415457
0.6885568880210569,0.0084984739844846,0.3029446379944585
0.6795963190697834,0.027884862838634193,0.29251881809158253
0.7058331536400245,0.006607959883044485,0.28755888647693106
0.6588918870803678,0.0391583750095846,0.3019497379100474
0.7195318688464566,0.0029627969697338516,0.27750533418380946
0.7141618811815295,0.0035371719568329167,0.28230094686163765
0.69561752957157,0.018198048985467865,0.2861844214429622
0.7076842343337312,0.04092187579028381,0.2513938898759849
0.7506468342091094,0.00023915211908385296,0.24911401367180677
0.7713421653880886,0.009523486694550595,0.21913434791736072
0.6678835321982279,0.029144011216144836,0.30297245658562727
0.7264993704143313,0.00157622360643149,0.27192440597923717
0.6684237751555201,0.03656732526799019,0.2950088995764898
0.6581178632927701,0.05422142052819655,0.2876607161790333
0.690553758798421,0.005959469821055216,0.303486771380524
0.6977307951874545,0.006580639302210662,0.29568856551033473
0.6926726179424161,0.01945885835912129,0.28786852369846266
0.7800993313165513,0.011456702153362081,0.20844396653008668
0.6837087312426264,0.027908798264543382,0.2883824704928301
0.6770150353260821,0.02778679115725955,0.2951981735166584
0.7192292081929081,0.011864703743252467,0.2689060880638394
0.6703783401883855,0.022037235764381945,0.3075844240472325
0.7228985174414142,0.0017708575880928848,0.27533062497049293
0.687467687867115,0.0004770798178817214,0.3120552323150034
0.7045996054078857,0.0224719435930814,0.2729284509990329
0.7078569045933515,0.011469329859393113,0.2806737655472554
0.6908582572430291,0.021029634908558408,0.2881121078484126
0.6893171814562268,0.02211701745568629,0.2885658010880869
0.6915168453167255,0.011674955727952284,0.2968081989553222
0.6499312107568572,0.04652426026307913,0.3035445289800637
0.7569659383376337,0.03517310383726844,0.2078609578250978
0.6911036670547902,0.020682439554567986,0.2882138933906418
0.7086395692664643,0.05248524391034146,0.2388751868231942
0.7470356306374417,0.0025022087515958083,0.2504621606109624
0.7300533074329935,0.042612780420615434,0.22733391214639112
0.691428485688566,0.010692101064072708,0.2978794132473614
0.672094009402118,0.03248661789801817,0.29541937269986374
0.671567451174571,0.018801425085274073,0.30963112374015506
0.6736180793838538,0.023372584236444536,0.3030093363797016
0.7275335887620898,0.0013040354523734372,0.27116237578553676
0.6924565263243329,0.010572263315716335,0.2969712103599507
0.7081346428797948,0.002139221646486401,0.2897261354737189
0.8257940974746175,8.25794097474616e-09,0.17420589426744154
0.7107095065565984,0.007933551835156758,0.2813569416082449
0.7578942089983034,0.006205799683397605,0.235899991318299
0.6796647101169833,0.014967627186763144,0.3053676626962536
0.7087627141515066,0.0004595161337995475,0.29077776971469393
0.727533206827128,0.0003914373311762806,0.27207535584169584
0.6942402531839323,0.014585972770110183,0.29117377404595746
0.6999228879911901,0.0007523018676106848,0.29932481014119927
0.7453502484344237,0.0007201704075616825,0.25392958115801467
0.6925907010922808,0.0017104413509266224,0.3056988575567926
0.6808604643042181,0.013960420019050065,0.305179115676732
0.6953489365762263,0.022819517874676568,0.2818315455490971
0.6743918658189543,0.016382941335933907,0.3092251928451118
0.6755504660836736,0.022916547869763146,0.30153298604656326
0.7139603292696652,0.000592466742111206,0.28544720398822354
0.6953955299020806,0.002757880423869482,0.3018465896740498
0.75853052079966,0.0032163402555649982,0.23825313894477507
0.6878835432538234,0.02957944813938408,0.2825370086067925
0.701114906480227,0.014455732700483906,0.2844293608192891
0.6934087562697983,0.0013466426671315237,0.30524460106307016
0.674197847152528,0.03443911577087944,0.29136303707659256
0.7322635962998508,0.0006810549334423728,0.26705534876670683
0.6907001312717874,0.0017507552097741834,0.30754911351843844
0.6979693669170661,0.017010493069535917,0.28502014001339804
0.7093290109063741,0.005415239547218162,0.2852557495464078
0.7763338769642565,0.003154344766801968,0.22051177826894156
0.717776709979411,0.006448962464639505,0.27577432755594944
0.7700194116667161,0.0015889069781082497,0.2283916813551757
0.6913887894198285,0.01831861916752143,0.29029259141265007
0.7339951027210282,0.0005568171189490334,0.2654480801600227
0.747833484493758,0.0007071006920956623,0.25145941481414635
0.7030965947230106,0.014133165773881243,0.2827702395031082
0.702720054996659,0.006463131748547144,0.2908168132547938
0.7216928166008639,0.003635533735944176,0.27467164966319196
0.7144875586225439,0.0003897182265097299,0.28512272315094656
0.6919470516507881,0.026320882953448317,0.2817320653957636
0.7298948709198462,0.00039004789079599375,0.2697150811893578
0.7012757598401618,0.004392743703155667,0.2943314964566826
0.6841713158794661,0.021501272884645376,0.2943274112358886
0.8015844027204851,0.0007889340365144653,0.1976266632430002
0.7051542077852664,0.01230853681808299,0.2825372553966507
0.6875738347128352,0.017005253867773802,0.29542091141939103
0.7430999907485738,0.021762409235700258,0.235137600015726
0.6964467153089752,0.002335734388056291,0.3012175503029685
0.7728824178948922,0.006606241143475058,0.22051134096163263
0.7015313491499231,0.005001988467326989,0.2934666623827499
0.7244723591768166,0.00048002332543710093,0.27504761749774626
0.7514361291413495,0.01971054942301889,0.22885332143563164
0.6884899734049111,0.002111263041961218,0.3093987635531278
0.6916069539286893,0.019299041147002826,0.289094004924308
0.7239862068522168,0.005759425267866896,0.2702543678799162
0.6913158039889082,0.0021197331776795555,0.30656446283341227
0.7020920517153637,0.00847359025560758,0.2894343580290287
0.7191635212759275,0.0010313150988648697,0.2798051636252075
0.6701287503625413,0.021330360319895096,0.30854088931756374
0.7304285186736709,0.00044521362316946755,0.26912626770315984
0.7259756639574908,0.0005065826576222475,0.27351775338488693
0.7037867752445495,0.01368416739327226,0.28252905736217815
0.7267915730603081,0.014289345592871403,0.25891908134682073
0.749054957628794,8.850120055594612e-05,0.2508565411706502
0.7759859651978824,0.007430262711119258,0.21658377209099822
0.6804450365347812,0.010245356828938477,0.30930960663628015
0.7363291809381535,0.0002367239410994466,0.2634340951207471
0.6796112075053611,0.02864390784081086,0.29174488465382814
0.6649065607966338,0.047073466117866454,0.2880199730854998
0.7048546750214059,0.00031875336089947346,0.2948265716176947
0.706798655830536,0.0012219755204551845,0.29197936864900875
0.7142634051744818,0.003981339764198118,0.28175525506132004
0.7977022367313933,0.002227432555556346,0.20007033071305036
0.6957290743013164,0.010260373591983844,0.29401055210669963
0.7030436755250681,0.005489811746652983,0.29146651272827895
0.7152984441106128,0.011966434620032261,0.272735121269355
0.6922230848086293,0.003899691406542418,0.3038772237848282
0.734266779456516,0.00015881296671640578,0.2655744075767676
0.6897557155629442,0.00023704788232849195,0.31000723655472723
0.7279728860785858,0.004117748386642954,0.2679093655347713
0.7016133773931357,0.01444647975144397,0.28394014285542046
0.7046781915305035,0.01002555579838904,0.2852962526711074
0.7093614743202488,0.008772437193596333,0.28186608848615496
0.7082468929033515,0.001655192348405748,0.29009791474824276
0.6740174091307437,0.0234607222972044,0.3025218685720519
0.7909143227620491,0.005751224603750797,0.20333445263420014
0.7048337211542827,0.010333821951938486,0.2848324568937789
0.745122323464414,0.016946226499967666,0.23793145003561825
0.7468383674812277,0.0006500847965918327,0.25251154772218043
0.7452352315023567,0.02901222800065472,0.2257525404969886
0.7009058966908074,0.0029064514585145544,0.29618765185067814
0.7001330143508233,0.007209395170773515,0.2926575904784032
0.6760607302730504,0.011834202748465479,0.31210506697848417
0.6841541024565486,0.007896427518682145,0.3079494700247692
