home,dqcp176g,dqcnc7hq,dqcnc29k,dqcngqhc,dqcnbbdq,dqcncsjm,dqcnbchm,dqcng43b,dqcnfpuz,dqcp473c,dqchf7jt,dqcncu6f,dqcncvkb,dqcnfk5z,dqcp1rx0,dqcp1yv9,dqcnctbb,dqcne6ct,dqcngjkj,dqcner94,dqcnf6cg,dqcncf4c,dqcnf6cj,dqcncfq5,dqcne4gy,dqcng06w,dqcnf3uz,dqcnc6tb,dqcnc7bc,dqcp1z6r,dqcncdq7,dqcp1ys8,dqcp4kgx,dqcnc78q,dqcnf794,dqcncwc5,dqcnc0y3,dqcp1rzr,dqcncf6c,dqcnfffs,dqcng4te,dqcnc0gn,dqcnfqc3,dqcncx6x,dqcne1qu,dqcn9xvx,dqcp1wg8,dqcp1gxv,dqcn9r0y,dqcnenmf,dqcnc2sv,dqcncgsj,dqcncfjz,dqcp4k9b,dqcncv9e,dqcncvy0,dqcng23k,dqcncf69,dqcng0x3,dqcnc9vh,dqcncvhv,dqcng0rh,dqcnf1g2,dqcp4hth,dqcnf559,dqcp1wk6,dqcng5m8,dqcnc3fk,dqcnfkw0,dqcp1yek,dqcnc1m6,dqcnfkys,dqcp1wbz,dqcnc6ht,dqcnc8ft,dqcngqwq,dqcp1xyv,dqcnfmdf,dqcnfs2t,dqcnfpuy,dqcnfmyp,dqcnc778,dqcp1gmx,dqcp4jxf,dqcn7m99,dqcp1gsz,dqcnc77d,dqcncum1,dqcncuc6,dqcp4j1c,dqcncfne,dqcnfq3v,dqcncu74,dqcnf69x,dqcp1ym5,dqcnc5jg,dqcnep20,dqcnfnyk,dqcnczy0,dqcnft40
dqcp176g,1.0,0.1515436564659612,0.06126895193024972,0.009834125457773766,0.08220734162318748,0.17584572807768126,0.12379303958970223,0.021050083338481313,0.29858670996295383,0.2412197290237322,7.276296990902542e-37,0.10160010506976089,0.0679907507451961,0.1970926166454034,0.1147501765269678,0.30400871990280925,0.10577890237440667,0.00047346657165457087,0.027064192754940618,0.008361419666788746,0.06889154002075763,0.10360514685069037,0.10282752659494841,0.11002454338891822,0.0005654090292970536,0.010582106721479828,0.018390060801449754,0.08434213816980606,0.18623489486698314,0.3396259300052926,0.23891719757169225,0.3280501066564299,0.25911795691110256,0.22798947398969074,0.08875974575638142,0.02058971846616655,0.010920287930071092,0.5159871434406692,0.08999550123923916,0.004133729474529399,0.010496937485330107,0.02952180460168235,0.07100014141323926,0.058008364842773705,0.00013429106182301655,0.0640156593713667,0.062329009121071005,0.2860049641352456,0.06195031567570561,0.0021954553445625623,0.04203862466591341,0.07885670663995467,0.07172846326272213,0.22649460662838378,0.08785939768167741,0.05768610603718657,0.003882304607833734,0.08353479101012297,0.01032035453690349,0.059688287632061666,0.05142822351169419,0.01251073620130564,0.02055829890888625,0.18320192446474262,0.1543706757234629,0.06875465287060431,0.003860552164125745,0.04020870807256155,0.1750201319998883,0.07330781844852531,0.006814785127474673,0.16701239558804098,0.04435670316695233,0.08826562472670989,0.09673618891773315,0.005810871491276902,0.3043329330612314,0.05743443660965058,0.02686437006713228,0.4151099335628327,0.08791385145657342,0.115175565114118,0.17803202893322873,0.018154120092455334,3.407095915684074e-05,0.1979749703306545,0.17730427693682216,0.12856983818243128,0.08900454962839989,0.19346327294590293,0.09867551000702357,0.043447492326682324,0.1295238319385998,0.06900204671979013,0.3235350483636602,0.0559132751764846,0.00978864837183746,0.1262487722154269,0.5620011472009674,0.14680987554088903
dqcnc7hq,0.1515436564659612,1.0,0.8663792653936265,0.007752827447181608,0.22887604048103055,0.16968240136476762,0.19566570838443179,0.1795719889259455,0.1063146817174304,0.14502888739877595,3.552114448394501e-29,0.6979763134456854,0.01286359388409365,0.1339518225924496,0.0018227436652318459,0.0940976399001498,0.2548819909998316,0.004869084799384806,0.13211420590395415,0.036146942136945824,0.15601071690317073,0.2635665612360586,0.18324720362523758,0.3712732942048358,0.029091095961569318,0.05314471995719621,0.2867008386989969,0.3557062064231797,0.984970248366696,0.013501846219603382,0.5183414910630718,0.1162130716582522,0.029914155702858557,0.9249098647763148,0.5938398668621244,0.006029931569365914,0.28232886659560874,0.03664202614189354,0.27345020357998157,0.007188763566919962,0.11928326065232372,0.48526228607098615,0.030270376367477772,0.1131911258728289,0.008444570044186687,0.5658683833697133,0.03809530604735614,0.030641353791224697,0.6358327334385957,0.053481411770599764,0.7509378466551976,0.24907893386491747,0.15050467302937998,0.029919249449774258,0.016283641664348394,0.008358769481836543,0.08083892642746292,0.2562781210637256,0.014895748139622444,0.2147547446435415,0.01285553400956857,0.044715369674629454,0.15540445287894664,0.12819217511321354,0.2474029827202088,0.04974489792917156,0.001463377103443101,0.4964373556391779,0.1304602635590991,0.005053708373664325,0.006437637658771439,0.15815143218483507,0.035300160072586795,0.4873229805088872,0.2054922139806438,0.003520502265610224,0.0232221298410064,0.24566039827450112,0.23126752550743396,0.1987384883915169,0.19553208664318694,0.9569099176206958,0.04605529425441477,0.001697915331689199,0.0016311711120376444,0.04563034981918221,0.9843913343708286,0.6959047459145543,0.4961378100836823,0.06796444301966802,0.33073656327530965,0.04820479229872191,0.7176888741362698,0.12992501129071585,0.12154386219808118,0.16987948090813543,0.045185602503353614,0.20832829777252107,0.1145946962920259,0.11092347394342515
dqcnc29k,0.06126895193024972,0.8663792653936265,1.0,0.006033454663024669,0.28225284994012423,0.16289323823210364,0.22546832605884534,0.1459623677775177,0.061787451223765215,0.07048488554858215,6.102948686767128e-27,0.6264688677100866,0.009310399040091708,0.09431910046504646,0.000616262684928308,0.027072239960916226,0.25222631821404273,0.008434829629050159,0.09016047745690248,0.034402467144001206,0.1543986460466606,0.2796832247855211,0.16390906523734064,0.3947893786981396,0.051997287116787715,0.05755755053936108,0.32801988922836856,0.4263157665682377,0.8105672660784516,0.004776180238560227,0.45885253925906716,0.03870311270925603,0.011770138391435776,0.7221581949529798,0.4838121856697203,0.005753773828616085,0.4541951768605232,0.011518650702278548,0.2945396588014852,0.007396261812458087,0.1049951628525258,0.6949545479445866,0.0250088848063882,0.10223391595555567,0.0186634710742597,0.6973462371555845,0.019166186413832224,0.015470953682034687,0.7548126509377922,0.07177988062592273,0.9346961785159101,0.26809214450014596,0.17046139625483664,0.013917469267797697,0.011157230213258679,0.006044771476762406,0.08419956340452477,0.2817990086544372,0.0141466991989324,0.2647517061112701,0.010383139402282464,0.04073599991776063,0.20891729676599533,0.058683979479683394,0.2089343297172726,0.025321229067251157,0.001260298764311235,0.6532527599100941,0.09485644556318544,0.001385092466828829,0.009690381521778545,0.10791940624819213,0.017622755437618598,0.5824527351862823,0.24380243160222567,0.0027415615509815473,0.008267845412244255,0.217220646906222,0.2182184804588669,0.10744940450952689,0.1578863830133118,0.8888446650722492,0.026259733637184098,0.0008609888831746279,0.003961361773600447,0.0251204240009517,0.8107853785785722,0.6068496201550014,0.4760981042484932,0.0328578854249369,0.36164313800965603,0.04366025450818401,0.6314298163387926,0.13494214016973735,0.03986196900932303,0.21827915908740222,0.05191923286394305,0.1630836265550921,0.05455859693559441,0.07119913836767255
dqcngqhc,0.009834125457773766,0.007752827447181608,0.006033454663024669,1.0,0.006254815120974192,0.13722715222988896,0.008977384453933517,0.11664066173918423,0.17845362393941724,0.1331745825967939,1.7718633048123012e-31,0.04097012839862022,0.02672833652165476,0.20204514317812117,0.002839337304737059,0.00400769157919906,0.07791661026843079,0.10911166873650592,0.17431527152884954,0.1983068106059769,0.3013081570148277,0.08327500404716913,0.2287932953585787,0.14292881763717086,0.04917417347263677,0.3907851354296318,0.09464904167639734,0.05422150584040535,0.006041951650566153,0.03362668855967826,0.04566609475832198,0.009726363879148305,0.13564991326398876,0.005316729889114929,0.06331073457525778,0.022774060384417462,0.006819270864635408,0.00859604489254344,0.07942353847696224,0.07708142117349075,0.14669884072940564,0.007398338761051369,0.3960160145820277,0.03381351900213549,0.05122264927315197,0.03759644522123435,0.011944047368579078,0.1350002717932272,0.00459629001907002,0.11247902034775659,0.009255510460504353,0.16382900468212658,0.146498618237976,0.22829503481876798,0.01848981747616398,0.03379540255010046,0.10622404076782209,0.08304584020130855,0.32009879619287773,0.06326409304466622,0.038032326370973056,0.2437410329942249,0.17061129878148562,0.054839803341955186,0.13981405312037803,0.012570309842988198,0.14588900253079304,0.017446448051435002,0.29639611904713853,0.0005307119042762116,0.006921459263786112,0.2222291164688268,0.005656144042392415,0.03875610267900209,0.06997189938985963,0.7995739099071244,0.025783135082121624,0.1975688238200373,0.13641761933577376,0.12583659999580063,0.339766709868636,0.0082170507838164,0.14068826776827936,0.02637636827873657,0.010814271376562316,0.1276718756079249,0.006561855185327794,0.059155673447260027,0.06390516106559613,0.09694878207413929,0.1543037931454955,0.3971392148352234,0.051536865222804075,0.36942750390217693,0.008392807047441282,0.036269605742615625,0.22254904806880332,0.26262719162328463,0.040623072979045126,0.20862132966473212
dqcnbbdq,0.08220734162318748,0.22887604048103055,0.28225284994012423,0.006254815120974192,1.0,0.40700995750753455,0.8264141103702387,0.018920909787745303,0.14764060319412753,0.030055028993592872,2.0781150155602315e-27,0.13160194809191803,0.019900946046887406,0.15151575648044746,0.0014141846806116954,0.004923676197239649,0.2518138561242495,0.006070251053090327,0.010009226821888805,0.024823793286122508,0.22430056364233836,0.1866074353536191,0.25679137431492005,0.27566853455958157,0.0072371375455450035,0.042520828904771074,0.05155466423121467,0.5272015999149989,0.23936607175149507,0.00872133417124246,0.393048361567297,0.008856687706093028,0.022754383113173144,0.27559424234259244,0.08472421249784191,0.011305541790608614,0.12665484880408012,0.018825127739532873,0.15312712548468413,0.002046027264517161,0.010320435148871395,0.2715857458481589,0.0479996996927877,0.030219244312951875,0.006916837751484595,0.4596840225610235,0.005895703801338528,0.029904283080047767,0.2704417811320352,0.008152481770181338,0.22402641765181974,0.29063677573931646,0.16755746567708651,0.022300184710541363,0.020694644952336867,0.017229006770206924,0.00742477572776436,0.1525128008493347,0.015033964976114186,0.1684657892356569,0.02010030947416067,0.0307372939258843,0.14942918356245752,0.014589707107335705,0.33353164210050795,0.006738254356837854,0.0016602384276075497,0.2550592835150066,0.13713952234532567,0.0002527929924044476,0.029198344580069854,0.14812741595915002,0.0036119612170929806,0.5207400661872494,0.5748765898866661,0.0022289436065933057,0.01612482129973243,0.06385833943501705,0.03262979545470304,0.14188331510296992,0.08501228979454745,0.2017242327710018,0.05737951171898992,0.0005278589105764817,0.0029142284819025422,0.057113731205445446,0.2366992474146937,0.1640384666627178,0.14846336412617078,0.023634766111371337,0.283323467209816,0.08004021387158844,0.17022058419150582,0.17686019468264505,0.008250715500541048,0.48936986806397287,0.02225725065913618,0.11277587163378164,0.1120614558861584,0.11029805482533388
dqcncsjm,0.17584572807768126,0.16968240136476762,0.16289323823210364,0.13722715222988896,0.40700995750753455,1.0,0.520624174980198,0.07551565569066268,0.49459922039935733,0.18848662467523672,1.0631315407118611e-29,0.23475177804639621,0.15427857444637222,0.5208069411549971,0.02167732848006886,0.018077035936030765,0.5438136565309747,0.04311863932215679,0.06930089489407143,0.09496030865917361,0.6313756408053968,0.5447444354706913,0.6030884562568094,0.6895968449426777,0.02870562661383849,0.1951754249729492,0.1543084401881147,0.6424117189320988,0.16511742750101183,0.10622444909449598,0.5409739541400373,0.03774383973391069,0.17055704832371987,0.16850390972502416,0.18322496115828843,0.13080711173510784,0.11842636286215807,0.06759802976903934,0.4824321725936358,0.04650467782584407,0.05847880395835802,0.19397676051073837,0.5274570575821195,0.1778648078792454,0.021835671161394267,0.41691245045686787,0.038386737342160124,0.3253004884773222,0.16379069908692448,0.04844941973612394,0.16806668799373453,0.6709501467380067,0.6503991568258043,0.2632305690209972,0.1396610199231263,0.1597053276464943,0.03749909788988388,0.4935376550646725,0.1412696737287047,0.48846429449976386,0.18255814382325936,0.12342432770283794,0.4103149952436349,0.09361919018163621,0.5943064285429486,0.041176630288315995,0.04952889405637443,0.26160988266786084,0.5782503937221165,0.0031858472149220033,0.12346633450716844,0.4363635743703225,0.021696045524978915,0.5470678922999773,0.8238860692176199,0.08629976797008868,0.09431477541613649,0.28092421915273086,0.14686199426723823,0.40819708966905266,0.4104308314766715,0.16496405340337753,0.3287282380633864,0.02449652774742653,0.006939568966288044,0.31893200584573933,0.16202883247162703,0.3043985908759004,0.3208538994456931,0.16883101101371606,0.7158335065889304,0.46465890321105324,0.29926671828658713,0.7406478427146671,0.03349507277322752,0.5836939944826356,0.1546377444825696,0.48336409375196693,0.27996321645302924,0.3469707571038208
dqcnbchm,0.12379303958970223,0.19566570838443179,0.22546832605884534,0.008977384453933517,0.8264141103702387,0.520624174980198,1.0,0.01792395838735603,0.15267754709844758,0.030209150006280685,1.011074957832791e-27,0.11162851565754166,0.08188203618361999,0.22022064949554063,0.006483256483412871,0.005380236285726287,0.2100996846669914,0.01074825357606071,0.00966207438143168,0.0246961794653335,0.20504073804185094,0.3281735215350494,0.2429290064482091,0.3392276708372523,0.008298214595675932,0.039659062379974214,0.04240215234673825,0.43000652582313736,0.20618197610297878,0.019420518141250575,0.5108160634797991,0.009300579931158163,0.025347444187526283,0.24371393496791469,0.07634302799780479,0.04063119099990568,0.08984625994701598,0.020634535361581875,0.2649538513490419,0.007586014905737518,0.009455222698933842,0.2010130449925325,0.09197296527103276,0.05037498552554746,0.005454413823320662,0.3803885856755036,0.005343791378554801,0.06263922043162139,0.31426728282657496,0.009842082979570387,0.17455089440931354,0.24732248572457222,0.2928596699722421,0.03353777643351944,0.0854752710333914,0.07130089707430215,0.006625733537424787,0.2623049537314692,0.030665024018001547,0.2790462721825551,0.07955148832249043,0.030662198842998332,0.12069048800629846,0.01434038124458716,0.3183023203685533,0.0060951387781613044,0.006977856462903006,0.19443616783861248,0.1966084755879519,0.001181404770172074,0.09575243992157552,0.15056837032221357,0.0032148200008322073,0.4214748186664185,0.7079710480281844,0.004522156462153607,0.0172887772548567,0.055740397628120095,0.027923007808789792,0.14747646768962527,0.07808625420200486,0.16729279317707205,0.05633566071246624,0.002162778277483217,0.00343659326661578,0.05656448455237626,0.20590361017611253,0.14227130727335913,0.12366657081832423,0.023370173346636727,0.3480728426182161,0.07271605190462398,0.14661351455599952,0.2274286853996498,0.00870439115762887,0.3893028579689559,0.041466971003922305,0.10297169283079807,0.17504634506841604,0.11541874336188215
dqcng43b,0.021050083338481313,0.1795719889259455,0.1459623677775177,0.11664066173918423,0.018920909787745303,0.07551565569066268,0.01792395838735603,1.0,0.10375946669717782,0.16082851424099143,4.447598572648575e-28,0.3391895527114783,0.007904724218410465,0.2085475923967593,0.0003470371505801507,0.03256701914249607,0.08159612385251316,0.07462238177947467,0.8078069224615568,0.40122770530152735,0.25573576914431034,0.15151122625239663,0.2694017943589452,0.26861461895263544,0.26514458634122373,0.4265847755856901,0.500346320352678,0.10001599325960325,0.1387500438872097,0.005480393782550683,0.20179629608863622,0.042132765084333806,0.03896407729698979,0.12441634848929797,0.6752163434107166,0.0020987659734823206,0.04873858075322948,0.006614451252345885,0.15594793424410688,0.03154161716872619,0.8832569125160422,0.06470104651218195,0.048009470935113416,0.03552593980921569,0.11468674943990277,0.24075581999340653,0.010339141662451742,0.02088109773276216,0.10433637338224694,0.48882360825412197,0.16555011774945147,0.1711554256119,0.11508110147597528,0.03766855114845343,0.007725769857108898,0.005805217576700837,0.8075132441566102,0.14629720619604045,0.15602942898631209,0.09222855334045021,0.008401086961633828,0.43191561204002177,0.18442492003750638,0.09759676361510626,0.24371688680753803,0.013958614135747949,0.013914598724484695,0.1037542127415601,0.24028948312090248,0.001452582154455849,0.0012657089909141035,0.28981575527092357,0.007672533407980681,0.12097035310618931,0.08065738268891758,0.05811131534337422,0.007625024986727303,0.36553150451281113,0.4807003837790974,0.1744636432112882,0.36391369162761483,0.16901496565550042,0.029515026458149837,0.0018540437998197778,0.02762964487554898,0.027440436190267613,0.16461856997424118,0.3945637879442948,0.23979876409997422,0.048321558443856445,0.2533332487397754,0.08293521827131267,0.3584085170004081,0.21355477175196688,0.04449385646378964,0.03152401147189589,0.2946617911867625,0.23713206566187361,0.0611973426611933,0.2500377790272823
dqcnfpuz,0.29858670996295383,0.1063146817174304,0.061787451223765215,0.17845362393941724,0.14764060319412753,0.49459922039935733,0.15267754709844758,0.10375946669717782,1.0,0.4164250346563911,2.6041199566240623e-33,0.15353669141722237,0.047465753978610796,0.6131980177777534,0.01687865999383408,0.07681845022660036,0.2875931316654238,0.011506465494230957,0.11980033793810636,0.14217740447817392,0.5466509899277301,0.15553652639835489,0.6382551053230658,0.29069456702554064,0.007921159572521295,0.19961664993245906,0.0835540468950376,0.2612641279611349,0.10828540920225271,0.17503722160429092,0.3057410381734616,0.12233194965954437,0.6526627238348442,0.12622927629542355,0.17754007570285024,0.018258531160943343,0.021887201865647254,0.24324515037954852,0.1285190482051622,0.00908271146322051,0.06856958855310331,0.04487794458177183,0.27745257377711113,0.045603757833410176,0.006984918332041598,0.1840373820033238,0.04913581975124071,0.33236703072783014,0.04447768053284342,0.02070435230128077,0.05614569210724236,0.3827887049804159,0.1754454768902137,0.4891331056876789,0.044618227654548634,0.05059045917994256,0.035691686392718046,0.12626589294932472,0.1013589545992072,0.0956662863267057,0.04466404003340837,0.19091180274853622,0.16985924274570163,0.19482036585432128,0.6555620517600671,0.052102955832677114,0.018795553193693425,0.07582345729817495,0.6413704006474925,0.0034649842971161493,0.0078284652394106,0.776409587982978,0.02574857628873195,0.21531200724045796,0.29260255874087987,0.07542420940033424,0.29754908159039156,0.22963914534848312,0.11041937030198508,0.8942183428725634,0.4427334565873853,0.087144797385357,0.5353112043465275,0.010843344512187075,0.0016925042393482281,0.5487197957408053,0.11203581873756624,0.2239457542646412,0.18400497964688953,0.3343690727392439,0.29396265765456736,0.4240074562686534,0.21034118069768132,0.4020065489737886,0.1121895665726279,0.19377209668402834,0.0654450458472671,0.4966131869094009,0.5374367548034304,0.7374509321453989
dqcp473c,0.2412197290237322,0.14502888739877595,0.07048488554858215,0.1331745825967939,0.030055028993592872,0.18848662467523672,0.030209150006280685,0.16082851424099143,0.4164250346563911,1.0,4.584680606223934e-36,0.33560619639788025,0.016381202423190064,0.19202431379226922,0.018104871234943774,0.34033518348760283,0.3317834528759689,0.0030477539350430957,0.3277351193576731,0.04227491141378255,0.23328874392642443,0.11137781940935416,0.22185384266846186,0.21640425083815468,0.007536687712660454,0.08927690360705355,0.18908682318156583,0.1645382405061908,0.14453858688360338,0.23388488601523422,0.14664722538446437,0.5445168512845826,0.5397214250694451,0.1252616355704619,0.3115217346343162,0.015569367952944762,0.045138001835618446,0.3321816575762638,0.12023616253772196,0.013831097091814817,0.16016510235117215,0.062178465812828064,0.18134744845981554,0.1663062900553026,0.0031468904385979677,0.10527157162392894,0.3703356923060342,0.30827730787921737,0.031789980802241456,0.03162055710382454,0.08194753839359632,0.28685364009746195,0.10927065620576727,0.5482573426514139,0.01702616369909876,0.015831593216117157,0.07020711201018022,0.11864681748994978,0.028410801377244478,0.08805488590402627,0.019404496888762,0.06207134206747889,0.1573174069899566,0.8722421847372911,0.21229145826287873,0.40147438403475333,0.007280844002103793,0.11299085602909356,0.2436685588658992,0.013676526509961342,0.002837221253131169,0.3015938135019115,0.27325920955548283,0.15845911234948767,0.07687589921309931,0.0785112169874308,0.42625959776744293,0.5017850819679918,0.33402100200231954,0.5088918795117493,0.5845311157393391,0.15136231518344828,0.5309533565116659,0.03660596031702547,0.00021633712419842686,0.529866556692015,0.13474865574151676,0.3836656858318309,0.3777638795590723,0.8257525958479632,0.1982472551589618,0.304789267682271,0.37007319546875944,0.19455053178045942,0.5051878220854357,0.1024760301817413,0.036557343060958376,0.6481009220767263,0.17321013343657365,0.24298289885325164
dqchf7jt,7.276296990902542e-37,3.552114448394501e-29,6.102948686767128e-27,1.7718633048123012e-31,2.0781150155602315e-27,1.0631315407118611e-29,1.011074957832791e-27,4.447598572648575e-28,2.6041199566240623e-33,4.584680606223934e-36,1.0,9.417822321384571e-30,1.8101286071701123e-31,7.117343595521947e-30,1.8794756083599543e-41,3.552416264019358e-40,4.607504986842832e-31,3.561457964862022e-22,8.769869173788553e-31,4.6377365327630875e-26,1.9246022445847837e-28,1.0325595248100294e-27,1.3400913891014018e-28,7.493112035860329e-28,5.924243763427574e-22,1.7968605020014897e-26,1.3643394309278532e-27,2.9326935413928344e-28,8.909717824408884e-30,1.5348451995639188e-40,3.432453242371267e-28,1.2989971924481296e-39,4.832542196595766e-38,8.526730442620654e-30,4.1962698608351825e-29,8.401288298249318e-33,4.771017067706402e-27,2.711392408834881e-41,6.773268776932202e-28,5.871901908116078e-29,2.556112272847616e-28,3.729966120742378e-27,5.448482132588496e-32,1.121320035580835e-32,6.778842862067994e-21,4.5371554081524036e-26,9.482255275092752e-40,1.2294806488403857e-36,8.545165318697068e-26,1.2528268120980435e-24,7.843306730434566e-27,4.289449672742663e-29,7.7805955063683265e-28,2.478409875054912e-37,8.050078146428345e-32,6.113311244532253e-32,1.6836977994438035e-26,6.897501164464995e-28,8.026472594257623e-27,1.3813647230364563e-27,3.151626720453166e-31,1.1126249684225043e-26,2.0867435608777025e-27,2.0358228399039116e-37,8.453881723372406e-29,2.67098514048493e-39,1.1196805520838641e-29,8.724624612671878e-28,5.39238321431764e-30,7.541741757471356e-41,3.4699540899637444e-28,1.905856987725919e-30,4.264367388430688e-40,5.777353749717719e-28,5.805257152193331e-27,3.8172437711872256e-32,5.26648900994509e-41,1.140639322913956e-30,1.0474220512379996e-29,3.0455127203867822e-33,4.929699929499348e-31,3.636738987599129e-29,1.8351516848619765e-36,5.957066179216027e-39,2.677076970874811e-18,1.0091973874204255e-36,2.3044676769061903e-29,1.1150153654352802e-29,4.030426718619051e-30,8.484290215612416e-38,1.2238228471064343e-27,1.1573035917650446e-31,1.0016225143733775e-29,3.2480137023355308e-28,1.6454698537166493e-39,5.33341314094018e-29,2.0257550817726244e-25,7.035116690575723e-32,1.6499676391608598e-33,1.0983882397075994e-30
dqcncu6f,0.10160010506976089,0.6979763134456854,0.6264688677100866,0.04097012839862022,0.13160194809191803,0.23475177804639621,0.11162851565754166,0.3391895527114783,0.15353669141722237,0.33560619639788025,9.417822321384571e-30,1.0,0.01386808190908191,0.15614184933996167,0.0022849319897539386,0.09949681033746711,0.49469926467489433,0.012955547881708824,0.3575250116319597,0.06390799551833659,0.290832886775506,0.33232830172974304,0.26488415014331385,0.5492605120905075,0.07390485586050824,0.13398771130949214,0.6880288387338706,0.4816292958641296,0.6351214591606252,0.02506209624255296,0.400041069572792,0.16054667216417184,0.06267704086308035,0.5049654039290424,0.81135596604331,0.013783212109168639,0.44419074341765924,0.04321863316088311,0.37997589028395906,0.0231340052829631,0.32750694754985477,0.5455101371300367,0.08870722982860398,0.27648517439459797,0.02693666073508049,0.5594043444153765,0.1221260241140417,0.06489597820795241,0.34781084271983337,0.15465071709061481,0.7211534669224805,0.4869708805629739,0.2502082831187305,0.08137040354310338,0.015313356334598403,0.010394518768573698,0.2213155034370439,0.37215042972221846,0.03123875915285053,0.3264606456583417,0.017782944798177897,0.0813895588571133,0.4078472153064711,0.31136780684224186,0.27773049143275075,0.15137108161962276,0.004321490569029695,0.677169863274845,0.1862114293016925,0.00431864406066016,0.009262540296786994,0.21341750121349,0.10934354096343807,0.5881079199038863,0.2103540214959432,0.02259328474654775,0.04431086108536431,0.6789366019190122,0.6686708092783712,0.23989107574070148,0.5127002296757805,0.7903634702490919,0.11882997552170686,0.007007963299122822,0.0028701414981641203,0.11222408135559114,0.6120444006483025,0.9739308990053125,0.9021881728403034,0.1890050136397166,0.5003828347065136,0.16455236572816156,0.9827687987425066,0.26356889540292744,0.15808752517612257,0.25408828029988234,0.09440804972230517,0.5112682343892974,0.08119854280314565,0.14472314470977884
dqcncvkb,0.0679907507451961,0.01286359388409365,0.009310399040091708,0.02672833652165476,0.019900946046887406,0.15427857444637222,0.08188203618361999,0.007904724218410465,0.047465753978610796,0.016381202423190064,1.8101286071701123e-31,0.01386808190908191,1.0,0.1670006924320469,0.1725708276237276,0.0031075651097540614,0.02056169474318852,0.02073385439300473,0.006734367665917605,0.010553428330075302,0.038055333768669874,0.26920114536843875,0.0456982420225471,0.1101050015463075,0.004268737047311728,0.01392398765345334,0.007450414604773266,0.02551867582218099,0.012877301089700808,0.08870605753045659,0.13262082990147198,0.004804793482627506,0.01903609492079038,0.015116140997969102,0.015380815220498544,0.34292904405649705,0.0030151581923709174,0.007912873473296639,0.22103762067163377,0.1903077587884465,0.004812650155740738,0.00634463926821267,0.22991490566684564,0.054944350443388947,0.0008593263692798735,0.022916290790371066,0.0017720421708295815,0.21221438779358343,0.03222234133608922,0.008408876217259349,0.008009899514888563,0.028960899702681935,0.2690820436293699,0.06246627825881279,0.9738812213232897,0.9631194586472552,0.0029262779327413812,0.21542159037945566,0.11785395463039182,0.17297046155664123,0.9263528752065081,0.013404175857241267,0.014089033039219014,0.0075622098640126395,0.050416803680875276,0.0019770392609654245,0.29633219694571905,0.009081878841575698,0.1647132431220228,0.04706713542649987,0.2582636980415663,0.046303578574238884,0.0009814822874134827,0.022988991863829973,0.12707962762976,0.04458376913635562,0.008362660778505854,0.01435508002163286,0.007683920848568178,0.046464738739398916,0.024561989779345213,0.010493815937499984,0.01913786206694219,0.10168302279462592,0.0011718712084990964,0.019402440934952664,0.013578548414460039,0.01940464926903793,0.015020397776112828,0.011331151496808363,0.11135117574683243,0.019961370503507454,0.018568891864001034,0.11938564078730614,0.004526782043785361,0.017945926621743047,0.0992015734618964,0.026983001586107985,0.1301263674639903,0.04184632531424077
dqcnfk5z,0.1970926166454034,0.1339518225924496,0.09431910046504646,0.20204514317812117,0.15151575648044746,0.5208069411549971,0.22022064949554063,0.2085475923967593,0.6131980177777534,0.19202431379226922,7.117343595521947e-30,0.15614184933996167,0.1670006924320469,1.0,0.016174791381866647,0.033105280842391435,0.1605022655379269,0.07801922545246327,0.15606590890513625,0.3519773983577712,0.5663623591277328,0.38020087864534735,0.7246088017748801,0.4649703398664476,0.0423925758460594,0.3501102659438187,0.11285774728714028,0.2232321389041696,0.12532198879946063,0.08220273869831356,0.5779729040098651,0.04608912223088415,0.22967024552480786,0.15355847023604396,0.2479960614054514,0.033188472942024844,0.022099459932320535,0.056559115039634136,0.30136284801428365,0.04693206484966498,0.12192117690422702,0.04787280344113474,0.3105379788917569,0.04651346226154728,0.025677289613249714,0.28046548037975483,0.010458215916065994,0.23133346400138763,0.12351922852421016,0.07823570755623907,0.08024138399106778,0.3048343412725732,0.3700459283923005,0.22861213225222204,0.15677036224490853,0.1561668799404723,0.08475528949978481,0.287827676357394,0.40363072131719846,0.2022130379028291,0.14306870793801033,0.41577818865926774,0.1660562718510745,0.07632736375489704,0.7625991812005131,0.012192482740926292,0.0951474133535974,0.07456510829985909,0.9675868833211243,0.006830603754746854,0.024806108341019397,0.8181760757946037,0.005486576995978025,0.20464724497769987,0.4751228356757621,0.10997027768351102,0.06077923046631692,0.18348125742729107,0.11355997917455227,0.638642227842634,0.34002920184717617,0.10166740774742525,0.16140441805375422,0.011991398559928179,0.01658941183957147,0.16247583814185615,0.14382945673349576,0.2316395649034791,0.14936949320475473,0.10015640716593074,0.47438204764593855,0.22651697911610116,0.21307814343907364,0.5860987231428935,0.04495923439485174,0.1245430860524925,0.2972798007645768,0.31303993558386933,0.6195167643618065,0.8074211136208789
dqcp1rx0,0.1147501765269678,0.0018227436652318459,0.000616262684928308,0.002839337304737059,0.0014141846806116954,0.02167732848006886,0.006483256483412871,0.0003470371505801507,0.01687865999383408,0.018104871234943774,1.8794756083599543e-41,0.0022849319897539386,0.1725708276237276,0.016174791381866647,1.0,0.013425857119363893,0.005751142483680733,6.75650733494822e-05,0.0008003561749286048,0.0001484941374323,0.002566312924723437,0.019336598081284295,0.0031181595813637745,0.008270257459192994,1.791958191604942e-05,0.0002977475977751333,0.00044134236929127416,0.0025832024659969486,0.0023183072718816608,0.4311817833693892,0.010866596460123834,0.019283050730323655,0.030431764180936002,0.0025823807440891696,0.001551128046774086,0.12886885149218316,0.00023289343277723968,0.05430665143909678,0.017661463492653583,0.011298149972451401,0.00023025127256959667,0.0005208463718822141,0.05487446312551166,0.028868848334798695,1.9385178594232215e-06,0.000929897023626686,0.009349237812156037,0.27842463480745727,0.0013138426783547293,0.00010187828718471033,0.0005176102751540187,0.0033570059420269076,0.0190944610580325,0.0917820788239306,0.19986040078074202,0.18737702694819536,6.512584597575756e-05,0.017280982547857808,0.0022788440969851186,0.01336530285727424,0.15889960087804608,0.00025287111380121444,0.0008216627775244153,0.014687058093621502,0.0038978002235323544,0.009033715039641597,0.01407708476861078,0.0008876823558741206,0.01709035995582142,0.19909024465294,0.019554868065862027,0.0053669844251928115,0.006034026028234435,0.00217972707350466,0.006605902966193429,0.005861164934708786,0.04965650807822795,0.0026430988947903898,0.0009351250735900521,0.017014307007956652,0.004586295381302036,0.00157425096531658,0.02471204898929459,0.24185550333103634,6.740102138112001e-07,0.027331669154122912,0.0019987313908527327,0.002967235937525496,0.0029271586823592707,0.02450993542812231,0.007590130369272325,0.004246217024096865,0.002973243436483282,0.007882702199531398,0.01721028119965631,0.0024358363336632544,0.0015776517666632685,0.0075666155174214725,0.04745140136132346,0.004670763131719678
dqcp1yv9,0.30400871990280925,0.0940976399001498,0.027072239960916226,0.00400769157919906,0.004923676197239649,0.018077035936030765,0.005380236285726287,0.03256701914249607,0.07681845022660036,0.34033518348760283,3.552416264019358e-40,0.09949681033746711,0.0031075651097540614,0.033105280842391435,0.013425857119363893,1.0,0.036112040728097275,5.024206229370647e-05,0.06864028539443283,0.0028704452167228963,0.015785667547861443,0.016330503268421923,0.021857387946583134,0.025778910464011325,0.0002776625892972441,0.0038334376782105067,0.02080293004793143,0.01655118269408269,0.10973002298502668,0.10819015363200489,0.043095274901005814,0.8956600233437896,0.14350496558379133,0.108157687783932,0.10198535197544989,0.0011508495322991369,0.005144994923864071,0.3428719583410389,0.01765594438268182,0.0009126587618638634,0.0219068515350466,0.010464363916277324,0.010097378409777744,0.02939983871015873,4.040424722693858e-05,0.015840457210526314,0.14012119936005193,0.06146986450218658,0.013399724775298036,0.0018374265622070033,0.022091017151020794,0.02211500712532736,0.009051414133622206,0.09642983729257709,0.004464467936671563,0.002293575293069382,0.007142442902777769,0.015933026799067582,0.0014355738763217217,0.009311687939338557,0.0025543286130864417,0.004470028021813551,0.006933408317345469,0.430193571003314,0.030828128197080383,0.16454489461765937,0.000301564244744224,0.016896732437327554,0.033845204427398086,0.05424391918377887,0.00013629180145700168,0.050008317881152474,0.13463265255073978,0.020845738124774613,0.00703749579080326,0.002178231426314335,0.1937906101872426,0.059536828646204715,0.04261311827243814,0.16280960087205648,0.06203904056497589,0.08117404323506933,0.07023333402864429,0.006094515945770151,2.793289142878358e-06,0.07713674297430274,0.10207851915754114,0.10571964140701832,0.06910706067248203,0.21297439528688286,0.020792423328625378,0.012816107195667363,0.10527690404049192,0.011807762891292203,0.934968138017189,0.007134205226845413,0.002203013789815141,0.0764182612928652,0.09904313466931927,0.04171302838862602
dqcnctbb,0.10577890237440667,0.2548819909998316,0.25222631821404273,0.07791661026843079,0.2518138561242495,0.5438136565309747,0.2100996846669914,0.08159612385251316,0.2875931316654238,0.3317834528759689,4.607504986842832e-31,0.49469926467489433,0.02056169474318852,0.1605022655379269,0.005751142483680733,0.036112040728097275,1.0,0.009738013502415073,0.10945441618689847,0.0346736344973791,0.4471074490863528,0.284389422002936,0.3397463677617965,0.5328460432751115,0.021937918764751135,0.11630571237298183,0.33311024930604444,0.8018457422921793,0.2458934061541412,0.06563927325811628,0.27127924829744954,0.08728481070897998,0.13789826740489275,0.1963470640921343,0.26723429312352476,0.0491348751465534,0.38986852091072005,0.08385581941280502,0.3076933151380101,0.016522214525874376,0.08937936038833419,0.45213716960231704,0.25962901423811907,0.3307735884407003,0.01664976162306053,0.4045829311712833,0.20526119757259648,0.1740587584312098,0.12335581439572348,0.04598487332191798,0.3240480320246518,0.8394514831429823,0.3335977241681545,0.20980676874052473,0.019456342080242477,0.02061581559845372,0.05168394977839684,0.32318845004464697,0.0261450617279151,0.3570033885192171,0.0314014989490883,0.048667702549035144,0.6258720642089662,0.25664957755286044,0.3123742183828712,0.21820432613072532,0.006026348046262581,0.6002240710590283,0.2098970140291736,0.0013332800250533906,0.03183076517131041,0.22014529326469023,0.1465741324514014,0.7362297861466625,0.3588892330821503,0.043782557983678534,0.13219588314559405,0.587596292688269,0.36037444702702803,0.2658229029643066,0.576336515537524,0.31307757000414876,0.42867332045699313,0.01576107361248782,0.0013977554947820735,0.40246840126611594,0.2158166492907859,0.5271672861887974,0.730494990925621,0.3553211089353533,0.5252710439265768,0.5343431763040546,0.5386617133606529,0.41380398204295066,0.0756770610460648,0.7663858889457366,0.05106496929348244,0.7235904311857145,0.07950721129337092,0.14660412601180456
dqcne6ct,0.00047346657165457087,0.004869084799384806,0.008434829629050159,0.10911166873650592,0.006070251053090327,0.04311863932215679,0.01074825357606071,0.07462238177947467,0.011506465494230957,0.0030477539350430957,3.561457964862022e-22,0.012955547881708824,0.02073385439300473,0.07801922545246327,6.75650733494822e-05,5.024206229370647e-05,0.009738013502415073,1.0,0.03365898112229704,0.24088983565406188,0.09963698149185182,0.10045634340769956,0.08396726025109326,0.09957063135055075,0.41652848046153973,0.28756019430279856,0.05343086579589686,0.022879337852840333,0.003173094551568032,0.0003397467494416251,0.043031633622720514,0.0001107436340566492,0.0014647201103183622,0.003015371977435385,0.02809348350949041,0.006837563239205132,0.005881675707252415,4.562698733017151e-05,0.08734284349209116,0.10916676148813403,0.07229929092218279,0.0068247451367881955,0.05508950236286799,0.005388432114880465,0.37998309955308424,0.04901052829633439,7.33962674578335e-05,0.00443737883982862,0.01646832141267582,0.3059950837853358,0.011374463270621554,0.041064316540421246,0.13472495101618057,0.0036690201939806075,0.014035126286060426,0.019659839005199922,0.11145383102363701,0.08848186045578378,0.493498965377479,0.0720166150571057,0.026988368312991985,0.2205545176575895,0.07425763183518196,0.0008528292828878807,0.05561340824820272,9.419504540120591e-05,0.15092111939400338,0.010852699376296087,0.09565737580231497,3.296681373381565e-05,0.01476397116936369,0.046119777329810194,3.508731306623547e-05,0.020535351876490103,0.07533513184495962,0.09485556393537964,0.00010613426848453924,0.02847272051309479,0.03188415221758453,0.010006800397873297,0.0401265930389463,0.004722285951290905,0.0020925785322396914,0.0008214275389597228,0.5019658980118741,0.0017808447517818496,0.0041356473240408715,0.018442739135290733,0.014020985092630799,0.001014057703029918,0.1131387520873633,0.02823397932578548,0.01602053027462083,0.17707165339899497,0.0001058825025678037,0.010561711287418007,0.599439416521277,0.02246302505682443,0.00600848533588031,0.041840089606117896
dqcngjkj,0.027064192754940618,0.13211420590395415,0.09016047745690248,0.17431527152884954,0.010009226821888805,0.06930089489407143,0.00966207438143168,0.8078069224615568,0.11980033793810636,0.3277351193576731,8.769869173788553e-31,0.3575250116319597,0.006734367665917605,0.15606590890513625,0.0008003561749286048,0.06864028539443283,0.10945441618689847,0.03365898112229704,1.0,0.21710048877459098,0.21955504159172018,0.11641877437055709,0.2053711764921976,0.2233962647580819,0.13419383647225683,0.3076087680633303,0.5056742980979244,0.08700735075527188,0.10482207220541533,0.014357864316112905,0.12703452216738276,0.09825989115144251,0.07845217454405427,0.08497940669064481,0.6008616304356719,0.003198258128351837,0.045553966171075586,0.015665776417859746,0.13014407254806418,0.034940518809632906,0.8733743882210604,0.05205835491693389,0.06993901062760284,0.0651183768852499,0.05286445420196323,0.14394601466126616,0.038792147469100376,0.04110369138344275,0.04948427639339826,0.34638961322056094,0.11616853936222546,0.17930091796083067,0.09847596231791046,0.08486220438494517,0.0065246926040942715,0.005385783140794248,0.6532542088751515,0.12466607591810262,0.09822486907663248,0.0799248944023271,0.008071667728006413,0.2560083857922649,0.18651807240171353,0.2421076396312426,0.17189386401068582,0.049439652107506345,0.012910689902320402,0.09433357729355618,0.2013552666186913,0.0027644875083904044,0.0010348202627592108,0.2435221271027028,0.030062125224681775,0.09942452524062205,0.05011861060654097,0.10117666920307884,0.021397806394086002,0.5180353043646658,0.6346726781876298,0.19057048002456642,0.4905225343828461,0.13762863036769876,0.06352567351207493,0.00599048074482682,0.006563934424110381,0.059035538304301714,0.11551949242546376,0.3979996645037244,0.29197599772148153,0.12710922854570147,0.20661964470738403,0.1261940071859266,0.36351533512404605,0.19062356503506692,0.0997298135528879,0.030791594617373564,0.1847580291847958,0.3457918799188587,0.051714145544053666,0.20247415299758773
